date,era5_land_sm,esa_cci_sm,smap_ib_sm,smap_dca_sm,smap_scav_sm,smos_ic_sm,smos_l3_sm,mcd12c1_IGBP_land_cover,soilgrid_clay_fraction,soilgrid_bulk_density,era5_surface_temperature,vwc_mod13_sf_land,smap_tb_v_corrected,smap_tb_h_corrected,era5_prep,era5_evap,koppen_climate_5_types,pgml_sm,insitu_sm
20180911.0,0.0274404473602771,0.1113177463412284,,,,,,,,,,,,,,,,,
20180912.0,0.0276187174022197,0.1067153289914131,0.0385357104241848,0.0515376776456832,0.0510366186499595,,,10.0,0.2253517508506775,1.2161247730255127,292.6511535644531,0.2363412678241729,280.043701171875,265.55010986328125,0.0064315521158277,0.3985415995121002,200.0,0.0143656777217984,0.0
20180913.0,0.028129069134593,,0.0469369180500507,0.0511499531567096,0.0442300923168659,0.0222831405699253,0.0295419171452522,10.0,0.2253517508506775,1.2161247730255127,291.74920654296875,0.2356526255607605,279.8873291015625,262.2591552734375,0.0198725219815969,0.4378341436386108,200.0,0.0125267747789621,0.0
20180914.0,0.0280955880880355,0.1223871335387229,,,,,,,,,,,,,,,,,
20180915.0,0.0291054397821426,0.125496506690979,0.0408041328191757,0.0481803603470325,0.0452761948108673,0.0199296604841947,0.0245674010366201,10.0,0.2253517508506775,1.2161247730255127,290.3574523925781,0.23332479596138,278.98974609375,263.48309326171875,0.5848481059074402,0.4737896025180816,200.0,0.0186354406177997,0.0
20180916.0,0.0335939265787601,,,,,,0.019623402506113,,,,,,,,,,,,
20180917.0,0.0300682187080383,,,,,,,,,,,,,,,,,,
20180918.0,0.028529867529869,0.1206862553954124,0.0384469106793403,0.0524277836084365,0.0498699508607387,0.0297319907695055,0.0390942096710205,10.0,0.2253517508506775,1.2161247730255127,291.5630798339844,0.2286199629306793,277.627685546875,262.2052307128906,0.0012874602107331,0.3869310319423675,200.0,0.0176012385636568,0.0
20180919.0,0.0279995836317539,0.1136803328990936,,,,,,,,,,,,,,,,,
20180920.0,0.0281109195202589,0.1223242729902267,0.0402835607528686,0.0574720054864883,0.0541342347860336,,0.0238044373691082,10.0,0.2253517508506775,1.2161247730255127,290.10906982421875,0.2255349904298782,276.42333984375,260.6236572265625,0.0,0.3775962591171264,200.0,0.0217442717403173,0.0
20180921.0,0.0279132779687643,,0.0467377007007598,0.0551703236997127,0.0512609183788299,0.0136213423684239,0.0148625141009688,10.0,0.2253517508506775,1.2161247730255127,291.38397216796875,0.2239953279495239,277.2292175292969,261.0794677734375,0.0,0.322180688381195,200.0,0.0153468791395425,0.0
20180922.0,0.0278258975595235,0.1178560554981231,,,,,,,,,,,,,,,,,
20180923.0,0.0278227590024471,0.1213966459035873,0.0426281839609146,0.0536883510649204,0.0535890981554985,0.028198629617691,0.0375072471797466,10.0,0.2253517508506775,1.2161247730255127,292.97088623046875,0.2209216952323913,278.51007080078125,264.2236328125,0.0101221092045307,0.3321180641651153,200.0,0.0145425228402018,0.0
20180924.0,0.0280023850500583,,,,,,,,,,,,,,,,,,
20180925.0,0.0280348639935255,,,,,,,,,,,,,,,,,,
20180926.0,0.0279706269502639,,0.0322277471423149,0.0484488271176815,0.04260940477252,0.0219826456159353,0.0269783623516559,10.0,0.2253517508506775,1.2161247730255127,290.70343017578125,0.2163253724575042,278.0821838378906,261.2123718261719,0.0004351138486526,0.2966469526290893,200.0,0.012082758359611,0.0
20180927.0,0.0277711283415555,0.1193292587995529,,,,,,,,,,,,,,,,,
20180928.0,0.0276300981640815,0.1294969767332077,0.0362526327371597,0.0616826377809047,0.0611748248338699,0.0259993113577365,0.0321054719388484,10.0,0.2253517508506775,1.2161247730255127,293.8141174316406,0.2132891416549682,277.1916198730469,262.9765319824219,0.0008523463620804,0.2755876779556274,200.0,0.0170075464993715,0.0
20180929.0,0.0276715848594903,0.1208009347319603,0.0454243756830692,0.0557992905378341,0.0493429750204086,,,10.0,0.2253517508506775,1.2161247730255127,292.3900451660156,0.2116997838020324,279.48895263671875,261.7529296875,0.0021473891101777,0.3070928156375885,200.0,0.0089897392317652,0.0
20180930.0,0.0294210538268089,0.1385622173547744,,,,,,,,,,,,,,,,,
20181001.0,0.0324676074087619,0.125594213604927,0.0425425171852111,0.0518388077616691,0.0426178574562072,0.0239001046866178,0.031495101749897,10.0,0.2253517508506775,1.2161247730255127,287.6796264648437,0.2092222571372985,279.1162414550781,260.9280090332031,0.0,0.4087080061435699,200.0,0.0161577332764863,0.0
20181002.0,0.0311078932136297,,,,,,,,,,,,,,,,,,
20181003.0,0.0313393287360668,,,,,0.0300942007452249,0.032319102436304,,,,,,,,,,,,
20181004.0,0.063427560031414,,0.088323138654232,0.105609230697155,0.0948532298207283,,0.0583208724856376,10.0,0.2253517508506775,1.2161247730255127,285.69873046875,0.2064081281423568,268.90234375,249.1306610107422,10.40855884552002,0.7814594507217407,200.0,0.0580050349235534,0.0
20181008.0,0.1631267517805099,,,,,,0.1299172937870025,,,,,,,,,,,,
20181009.0,0.1563075482845306,0.2120982557535171,0.1212061569094657,0.1257410794496536,0.111003041267395,0.077875405550003,0.0900601223111152,10.0,0.2253517508506775,1.2161247730255127,282.9743347167969,0.201655775308609,260.3961486816406,238.3124389648437,0.540770411491394,1.380945920944214,200.0,0.1298063248395919,0.117200000956655
20181012.0,0.1131598204374313,,0.0833225324749946,0.0901651754975318,0.0803463831543922,,,10.0,0.2253517508506775,1.2161247730255127,280.2012634277344,0.1988133192062378,265.44781494140625,246.022216796875,0.0008523463038727,1.34743070602417,200.0,0.1288225501775741,0.106083333492279
20181013.0,0.0963241010904312,,,,,,0.0481582097709178,,,,,,,,,,,,
20181016.0,0.0613520704209804,,,,,0.041852630674839,0.0483718365430831,,,,,,,,,,,,
20181017.0,0.0527549423277378,,0.054674994200468,0.0711815506219863,0.0667471066117286,,,10.0,0.2253517508506775,1.2161247730255127,281.7152709960937,0.1959156692028045,267.854736328125,252.15103149414065,0.0008523463038727,0.7446828484535217,200.0,0.1129145175218582,0.0877391307250313
20181018.0,0.0455488748848438,,,,,,,,,,,,,,,,,,
20181019.0,0.0399386063218116,,,,,0.0345506630837917,0.0395825058221817,,,,,,,,,,,,
20181020.0,0.0360397584736347,,0.0507460609078407,0.0740632712841034,0.068996213376522,,,10.0,0.2253517508506775,1.2161247730255127,284.4456481933594,0.1992157399654388,269.48291015625,253.42852783203125,0.0004410743713378,0.4100032746791839,200.0,0.0822669640183448,0.0868260863682498
20181021.0,0.0334975980222225,,,,,0.0206380113959312,0.0220343638211488,,,,,,,,,,,,
20181022.0,0.0318361595273017,,0.0484412088990211,0.0671110898256301,0.0643897503614425,,0.0239875484257936,10.0,0.2253517508506775,1.2161247730255127,284.5646667480469,0.2013121992349624,270.242431640625,255.31668090820312,0.0,0.3033638000488281,200.0,0.0703031867742538,0.0840869565372882
20181023.0,0.0308860149234533,,0.0523104779422283,0.0727316513657569,0.0695019662380218,,,10.0,0.2253517508506775,1.2161247730255127,284.1001892089844,0.2023618221282959,269.3658447265625,254.50799560546875,0.0008612871170043,0.2623305916786194,200.0,0.0753913894295692,0.0826249991854032
20181024.0,0.0342106334865093,,,,,0.0284911207854747,0.0369273982942104,,,,,,,,,,,,
20181025.0,0.0384582355618476,,0.0483870916068553,0.0674168169498443,0.0611432194709777,,,10.0,0.2253517508506775,1.2161247730255127,283.1400451660156,0.204463705420494,270.10614013671875,252.85006713867188,0.0014227195642888,0.4369702041149139,200.0,0.0667486786842346,0.0803750002135833
20181026.0,0.035881508141756,,,,,,0.0270699188113212,,,,,,,,,,,,
20181027.0,0.0338646210730075,,,,,0.0215439051389694,0.0266426596790552,,,,,,,,,,,,
20181028.0,0.0326097421348094,,0.04661750420928,0.0637391284108161,0.0569731742143631,,,10.0,0.2253517508506775,1.2161247730255127,284.4026794433594,0.2076234072446823,272.96826171875,255.16842651367188,0.1252488940954208,0.2561980783939361,200.0,0.0333502106368541,0.0787500000248353
20181101.0,0.0344437025487422,,,,,0.0272975862026214,0.0357982106506824,,,,,,,,,,,,
20181102.0,0.0338796004652977,,0.0556395277380943,0.0682423710823059,0.0655517727136612,,,10.0,0.2253517508506775,1.2161247730255127,281.7268371582031,0.2096108198165893,268.5143737792969,253.74871826171875,0.0,0.211283653974533,200.0,0.0713014379143714,0.0716818181628531
20181103.0,0.033535897731781,,,,,0.0349494367837905,0.0390331745147705,,,,,,,,,,,,
20181104.0,0.0328599885106086,,,,,,,,,,,,,,,,,,
20190318.0,,,0.1206660717725753,,,,,,,,,,,,,,,,
20190327.0,0.4136076271533966,,,,,0.1485911309719085,,,,,,,,,,,,,
20190401.0,,,0.1543389707803726,,,0.1036839932203292,,,,,,,,,,,,,
20190402.0,0.4210257828235626,,,,,,,,,,,,,,,,,,
20190404.0,0.4071867167949676,,,,,0.1525706052780151,,,,,,,,,,,,,
20190407.0,0.3913940787315368,,,,,,,,,,,,,,,,,,
20190408.0,0.3790266215801239,,0.1674333065748214,,,,,10.0,0.2253517508506775,1.2161247730255127,281.38409423828125,0.0349300540983676,252.3166046142578,228.62579345703125,1.999688506126404,2.3575425148010254,200.0,0.191177636384964,0.0813043477094692
20190414.0,0.3473711013793945,0.2479346245527267,0.1639100313186645,,,0.1035181954503059,,10.0,0.2253517508506775,1.2161247730255127,280.5087890625,0.072652593255043,254.4511108398437,233.20510864257807,1.4719294309616089,1.5505002737045288,200.0,0.1754156053066253,0.0903478261569272
20190418.0,0.3207792043685913,,,,,,,,,,,,,,,,,,
20190420.0,0.2808559536933899,0.2262274920940399,,,,,,,,,,,,,,,,,
20190422.0,0.2739215195178985,,0.1084449365735054,,,0.0712192431092262,0.0878017544746398,10.0,0.2253517508506775,1.2161247730255127,281.2879333496094,0.1261925995349884,259.7781982421875,240.20236206054688,0.0008523463620804,3.5345265865325928,200.0,0.2209030836820602,0.158666667838891
20190423.0,0.251924067735672,0.2223980575799942,,,,,,,,,,,,,,,,,
20190424.0,0.2427058517932891,,0.1055695489048957,0.1125938892364502,0.1008984819054603,0.0553580932319164,0.0815454572439193,10.0,0.2253517508506775,1.2161247730255127,287.13287353515625,0.1413737833499908,264.74365234375,246.1294403076172,1.7175171375274658,3.38944411277771,200.0,0.2069664299488067,0.241050001233816
20190425.0,0.2412064224481582,0.2274501174688339,0.1200926676392555,0.120063342154026,0.1066267043352127,,0.0369884334504604,10.0,0.2253517508506775,1.2161247730255127,287.5057373046875,0.1498641073703766,264.29754638671875,247.76177978515625,0.0606007128953933,3.6283349990844727,200.0,0.2393998205661773,0.272904761490368
20190426.0,0.2149578779935836,0.2269046008586883,,,,,,,,,,,,,,,,,
20190427.0,0.1992188692092895,,0.0884307473897934,0.1033129394054412,0.0943228974938392,0.0432488769292831,0.0690939053893089,10.0,0.2253517508506775,1.2161247730255127,285.5128173828125,0.1666881591081619,266.741455078125,249.6079864501953,0.0,3.637991189956665,200.0,0.2281748950481414,0.307750000307957
20190503.0,0.132609486579895,,0.0933963358402252,,,,,10.0,0.2253517508506775,1.2161247730255127,285.3246459960937,0.2188116312026977,267.36676025390625,253.02066040039065,0.0875685289502143,3.02186918258667,200.0,0.2414463013410568,0.32669565340747
20190504.0,0.1179008558392524,,,,,,,,,,,,,,,,,,
20190505.0,0.1013369336724281,0.1951022297143936,,,,0.0266318786889314,0.0392773225903511,,,,,,,,,,,,
20190506.0,0.0886291190981864,0.212746188044548,,,,,,,,,,,,,,,,,
20190507.0,0.0863619372248649,0.1941504925489425,,,,0.0337633118033409,0.047791987657547,,,,,,,,,,,,
20190508.0,0.0767334178090095,0.1910044699907302,0.0603491812944412,0.0650926977396011,0.0615127682685852,,,10.0,0.2253517508506775,1.2161247730255127,288.0773620605469,0.2633589208126068,273.1499328613281,257.6166381835937,0.0008523463038727,2.282386302947998,200.0,0.1588929295539856,0.324541669338942
20190509.0,0.0713493824005127,0.1855418980121612,,,,,,,,,,,,,,,,,
20190510.0,0.0707620456814765,0.1830479502677917,0.0511828772723674,0.0602241232991218,0.0604615323245525,0.0282321330159902,0.0377208776772022,10.0,0.2253517508506775,1.2161247730255127,286.5645446777344,0.2897302806377411,271.6547241210937,258.0860900878906,0.0034247955773025,2.288746356964112,200.0,0.2040657997131347,0.286749997486671
20190511.0,0.0615164972841739,0.1815641969442367,0.06878612190485,0.0564147755503654,0.0553129166364669,,,10.0,0.2253517508506775,1.2161247730255127,290.3237609863281,0.308007538318634,273.57818603515625,259.2681884765625,0.0,2.282127618789673,200.0,0.1712365895509719,0.264499999582767
20190512.0,0.0522995814681053,0.1948382258415222,,,,0.0158878490328788,0.0288399923592805,,,,,,,,,,,,
20190513.0,0.0568435899913311,0.1900980770587921,0.0436879098415374,0.0553683787584304,0.0551367551088333,,0.0095828119665384,10.0,0.2253517508506775,1.2161247730255127,293.2453308105469,0.3431372344493866,276.46197509765625,262.422119140625,0.44612517952919,2.0651423931121826,200.0,0.119497999548912,0.230958333238959
20190514.0,0.0502018891274929,0.1905722171068191,,,,,,,,,,,,,,,,,
20190515.0,0.0547656863927841,0.195135548710823,,,,0.0263956170529127,0.0390942096710205,,,,,,,,,,,,
20190516.0,0.0940773114562034,,0.173382893204689,0.1796798706054687,0.1548924893140792,,,10.0,0.2253517508506775,1.2161247730255127,284.282958984375,0.397834837436676,253.5670166015625,229.54931640625,4.923008441925049,1.8704042434692385,200.0,0.1359336674213409,0.229894737664022
20190525.0,0.3032878339290619,,,,,0.1213652342557907,0.1455732882022857,,,,,,,,,,,,
20190526.0,0.3140316009521484,0.2630002200603485,0.1947707682847976,0.1794297099113464,0.1575946807861328,,,10.0,0.2253517508506775,1.2161247730255127,283.2210388183594,0.5797960758209229,251.31069946289065,226.77935791015625,5.163722991943359,2.273188829421997,200.0,0.2009508162736892,0.274291666845481
20190527.0,0.3305859565734863,,0.2399203181266784,0.2304038405418396,0.1990651935338974,,,10.0,0.2253517508506775,1.2161247730255127,283.6838684082031,0.5830258131027222,241.9707794189453,216.0120391845703,5.594980716705322,2.5973386764526367,200.0,0.2594424188137054,0.2791250012815
20190528.0,0.3329973518848419,,,,,0.1506061851978302,0.1954710483551025,,,,,,,,,,,,
20190529.0,0.324413537979126,0.2815607190132141,0.2000351697206497,0.1773662269115448,0.1537158638238906,,,10.0,0.2253517508506775,1.2161247730255127,286.5445556640625,0.5935853719711304,253.2404022216797,229.70364379882807,9.10058879852295,3.0783064365386963,200.0,0.2058379352092743,0.241208333522081
20190530.0,0.3630326092243194,0.2804038524627685,,,,0.1403810083866119,0.1516159623861313,,,,,,,,,,,,
20190531.0,0.3647336661815643,0.2811227142810821,,,,,0.1147190779447555,,,,,,,,,,,,
20190601.0,0.3332885205745697,0.2797344326972961,0.224882960319519,0.2041773647069931,0.1753413528203964,,,10.0,0.2253517508506775,1.2161247730255127,288.0255126953125,0.6087574362754822,249.9642791748047,225.13552856445312,0.4137807488441467,3.826393365859986,200.0,0.2561207711696625,0.243125000347694
20190602.0,0.294748991727829,0.2710100710391998,,,,0.1266327500343322,0.1609241068363189,,,,,,,,,,,,
20190603.0,0.2667895853519439,0.2571610510349273,0.2013458311557769,0.1783753782510757,0.15530426800251,,,10.0,0.2253517508506775,1.2161247730255127,291.603271484375,0.6189359426498413,256.5213623046875,232.1322631835937,0.8845906257629395,4.266750812530518,200.0,0.2256441861391067,0.224083335449298
20190604.0,0.2349766045808792,0.2500995695590973,0.1939650475978851,0.1587617397308349,0.1405875384807586,,0.1240577399730682,10.0,0.2253517508506775,1.2161247730255127,291.9403686523437,0.6240442991256714,261.12841796875,236.7626037597656,0.1312865167856216,4.499597549438477,200.0,0.2099038809537887,0.217583334694306
20190605.0,0.20125213265419,0.234956219792366,,,,,0.1251869201660156,,,,,,,,,,,,
20190606.0,0.1805782467126846,0.2265812307596206,0.1347517520189285,0.1241486519575119,0.1101101413369178,,,10.0,0.2253517508506775,1.2161247730255127,291.0032958984375,0.634299099445343,268.9705810546875,251.5679168701172,2.442884922027588,3.976057767868042,200.0,0.1892519891262054,0.198708331212401
20190609.0,0.159687265753746,,0.097205750644207,0.0974655598402023,0.091024063527584,,0.0528275407850742,10.0,0.2253517508506775,1.2161247730255127,285.8551025390625,0.6498129963874817,267.3994140625,251.85519409179688,0.0008583068847656,3.879655361175537,200.0,0.2293896377086639,0.183999999115864
20190610.0,0.1300915032625198,0.1847411692142486,,,,0.0319477245211601,0.0477004311978817,,,,,,,,,,,,
20190611.0,0.1033760607242584,0.1854505389928817,0.0810578167438507,0.0765645876526832,0.0756720304489135,,,10.0,0.2253517508506775,1.2161247730255127,294.5684814453125,0.6597508788108826,274.3465881347656,260.93524169921875,0.0008523463038727,3.606745481491089,200.0,0.1754835844039917,0.166124999523163
20190612.0,0.0816399604082107,0.1906812489032745,0.0904670059680938,0.0653395280241966,0.059573408216238,0.0287216529250144,0.049958799034357,10.0,0.2253517508506775,1.2161247730255127,296.78179931640625,0.6644637584686279,278.96484375,261.8592529296875,0.3360212743282318,2.7428174018859863,200.0,0.0792063325643539,0.154500001420577
20190613.0,0.0760885402560234,0.1834848970174789,,,,,,,,,,,,,,,,,
20190614.0,0.0875746682286262,0.223454400897026,0.1455571204423904,0.1516944468021392,0.1303031742572784,,,10.0,0.2253517508506775,1.2161247730255127,295.6838073730469,0.674037516117096,264.2616577148437,243.872314453125,1.7752892971038818,3.2799160480499268,200.0,0.1456373035907745,0.194260869985041
20190615.0,0.0643592923879623,0.1977878957986831,,,,0.0493912771344184,0.0692465007305145,,,,,,,,,,,,
20190616.0,0.0484881587326526,0.1805562973022461,,,,,,,,,,,,,,,,,
20190617.0,0.0435459613800048,0.1652807295322418,0.0633308589458465,0.0789138972759246,0.0729270428419113,0.0226190518587827,0.0342112481594085,10.0,0.2253517508506775,1.2161247730255127,297.89862060546875,0.688456118106842,277.9735107421875,261.09979248046875,0.2946350276470184,1.9767416715621948,200.0,0.0744917914271354,0.155416668703159
20190618.0,0.03898137062788,0.1656119972467422,,,,,,,,,,,,,,,,,
20190619.0,0.0357006452977657,0.1640729159116745,0.0543294996023178,0.0689353197813034,0.0638454183936119,,,10.0,0.2253517508506775,1.2161247730255127,298.59686279296875,0.6981219053268433,279.8360595703125,263.1700439453125,0.0008523463620804,1.4969841241836548,200.0,0.058428693562746,0.124541668221354
20190723.0,0.0326202847063541,0.128742977976799,,,,0.0213870704174041,0.0325937680900096,,,,,,,,,,,,
20190724.0,0.0493362955749034,0.1222080588340759,0.0778596773743629,0.0857502967119216,0.0773447155952453,,,10.0,0.2253517508506775,1.2161247730255127,298.6648254394531,0.4861833155155182,279.61895751953125,261.056640625,0.0014003670075908,2.196743965148926,200.0,0.0508252903819084,0.0
20190725.0,0.0322492830455303,0.1232135519385337,,,,,,,,,,,,,,,,,
20190726.0,0.0321852974593639,0.14102703332901,,,,0.0290770772844553,0.040559098124504,,,,,,,,,,,,
20190727.0,0.0571871884167194,0.1733148545026779,0.0842293128371238,0.0943949893116951,0.0853316113352775,,,10.0,0.2253517508506775,1.2161247730255127,299.5064392089844,0.4654396176338196,278.387451171875,258.1665344238281,0.6779518127441406,2.4208388328552246,200.0,0.0471724644303321,0.0
20190728.0,0.0360718369483947,0.1439570486545562,,,,0.0171647407114505,0.0229194015264511,,,,,,,,,,,,
20190729.0,0.0308236982673406,0.1372032910585403,0.0531589537858963,0.0705598592758178,0.0687770918011665,,0.0197149571031332,10.0,0.2253517508506775,1.2161247730255127,303.00799560546875,0.4541139602661133,282.79571533203125,268.136474609375,0.1133614033460617,0.9746309518814088,200.0,0.0234588086605072,0.0
20190730.0,0.0288084764033556,0.1270564198493957,0.06107759475708,0.0603806264698505,0.0559729412198066,,,10.0,0.2253517508506775,1.2161247730255127,302.4974975585937,0.4498550295829773,284.37664794921875,267.5040283203125,0.000435113790445,0.8580636382102966,200.0,0.0132213784381747,0.0
20190731.0,0.0285713076591491,0.1206810027360916,,,,0.0238202903419733,0.0332651771605014,,,,,,,,,,,,
20190801.0,0.0284759365022182,0.1113931089639663,0.0405465960502624,0.0532671250402927,0.0488839261233806,,,10.0,0.2253517508506775,1.2161247730255127,302.0514831542969,0.4407868087291717,284.78961181640625,268.07427978515625,0.0016629693564027,0.850208044052124,200.0,0.011234420351684,0.0
20190802.0,0.0285392291843891,0.1182625740766525,,,,,0.0271614734083414,,,,,,,,,,,,
20190803.0,0.0284313987940549,0.1104876324534416,,,,0.0144384745508432,0.0115970335900783,,,,,,,,,,,,
20190804.0,0.0283366627991199,0.1168247759342193,0.0390070751309394,0.0584229566156864,0.0565249659121036,,,10.0,0.2253517508506775,1.2161247730255127,302.7277526855469,0.427383691072464,283.9476318359375,268.544189453125,0.0,0.7631069421768188,200.0,0.0125806229189038,0.0
20190805.0,0.0283638034015893,0.1141591742634773,,,,0.0275176856666803,0.0378429517149925,,,,,,,,,,,,
20190806.0,0.0305932387709617,0.1184172257781028,0.036744188517332,0.0480264462530612,0.0462675988674163,,,10.0,0.2253517508506775,1.2161247730255127,303.1471252441406,0.4185078740119934,286.084716796875,270.81396484375,0.530227780342102,1.0313639640808103,200.0,0.0113381091505289,0.0
20190807.0,0.0308111663907766,0.1164072975516319,0.0455539897084236,0.046438094228506,0.0399609096348285,,0.0144352549687027,10.0,0.2253517508506775,1.2161247730255127,301.69219970703125,0.4140878319740295,287.46551513671875,269.9532470703125,0.4590023756027221,0.955196499824524,200.0,0.0097738215699791,0.0
20190808.0,0.0367925390601158,0.1318227350711822,,,,0.031694334000349,0.0389721356332302,,,,,,,,,,,,
20190809.0,0.0421694256365299,,0.1123748943209648,0.1329128593206405,0.1151299849152565,,,10.0,0.2253517508506775,1.2161247730255127,297.265380859375,0.4052835702896118,271.14697265625,250.8323211669922,1.3560116291046145,1.386029601097107,200.0,0.056509219110012,0.0
20190810.0,0.044266689568758,0.1457853466272354,,,,0.0451553650200367,0.0556657612323761,,,,,,,,,,,,
20190811.0,0.0656607672572135,0.1442030817270279,,,,,,,,,,,,,,,,,
20190812.0,0.0453383326530456,0.1349131613969802,0.0581001043319702,0.0731180757284164,0.0705206766724586,,,10.0,0.2253517508506775,1.2161247730255127,294.535888671875,0.3920953273773193,277.45416259765625,262.67218017578125,0.0008583068847656,1.6892646551132202,200.0,0.0911012887954711,0.0
20190813.0,0.0332477092742919,0.1212435215711593,,,,0.0263468772172927,0.0321054719388484,,,,,,,,,,,,
20190814.0,0.0292186494916677,0.1282665878534317,0.0452597439289093,0.0611926801502704,0.0606568716466426,,,10.0,0.2253517508506775,1.2161247730255127,301.3811340332031,0.3842791020870209,281.2407531738281,266.856689453125,0.0,0.8051902651786804,200.0,0.0318799614906311,0.0
20190815.0,0.0282653961330652,0.1242490038275718,0.0568835288286209,0.0551347956061363,0.0508613735437393,0.0172577556222677,0.0175176244229078,10.0,0.2253517508506775,1.2161247730255127,302.5325622558594,0.3809177875518799,283.8607177734375,267.1683959960937,0.0,0.7785176038742065,200.0,0.0120594026520848,0.0
20190816.0,0.0282467454671859,0.1222350373864173,,,,,0.0152897732332348,,,,,,,,,,,,
20190817.0,0.0282999239861965,0.1227899193763732,0.041898213326931,0.0556427985429763,0.0518180057406425,,,10.0,0.2253517508506775,1.2161247730255127,300.248779296875,0.373991459608078,283.5013427734375,267.01934814453125,0.0,0.6990813612937927,200.0,0.0120893754065036,0.0
20190818.0,0.0283068977296352,0.1139718145132064,,,,0.0229895003139972,0.0342112481594085,,,,,,,,,,,,
20190819.0,0.0282987132668495,0.1083204969763755,,,,,,,,,,,,,,,,,
20190820.0,0.0282075591385364,0.128231480717659,0.040451306849718,0.0597656071186065,0.0584539622068405,,0.0291756950318813,10.0,0.2253517508506775,1.2161247730255127,301.01812744140625,0.363701581954956,282.4482421875,267.45428466796875,0.0013001022161915,0.6941803693771362,200.0,0.0174612794071435,0.0
20190821.0,0.0281183514744043,0.1174812093377113,,,,0.0134582044556736,0.0161442924290895,,,,,,,,,,,,
20190822.0,0.0292392745614051,0.1255764365196228,0.0484290085732936,0.0560429990291595,0.0510530546307563,,,10.0,0.2253517508506775,1.2161247730255127,299.375,0.3568796515464782,283.9427185058594,266.8258056640625,0.0950912758708,0.6771605014801025,200.0,0.0093045309185981,0.0
20190823.0,0.0289227031171321,0.1155534163117408,0.0586067922413349,0.0601592771708965,0.0560276843607425,0.0260053556412458,0.0338755473494529,10.0,0.2253517508506775,1.2161247730255127,298.1892395019531,0.3534801602363586,281.9535522460937,265.3717041015625,0.0012993812561035,0.6997315883636475,200.0,0.0169389750808477,0.0
20190824.0,0.0284039340913295,0.1173762008547782,,,,,,,,,,,,,,,,,
20190825.0,0.0283049643039703,0.131871610879898,0.040360290557146,0.04983427003026,0.046442087739706,,0.0205999948084354,10.0,0.2253517508506775,1.2161247730255127,300.7320861816406,0.3467040359973907,284.9158935546875,268.790771484375,0.0017174984095618,0.5861724615097046,200.0,0.0062773637473583,0.0
20190826.0,0.0283461865037679,0.120643027126789,,,,0.0185905303806066,0.0223090313374996,,,,,,,,,,,,
20190827.0,0.028130292892456,0.1311863362789154,,,,,,,,,,,,,,,,,
20190828.0,0.0283536463975906,0.1422354876995086,0.0356528759002685,0.0512327812612056,0.0474013499915599,0.0218512099236249,0.0314035452902317,10.0,0.2253517508506775,1.2161247730255127,300.94207763671875,0.3361559212207794,284.6749267578125,268.212890625,0.0718512162566185,0.6625763773918152,200.0,0.006908097770065,0.0
20190829.0,0.0283440481871366,0.1198544129729271,,,,,,,,,,,,,,,,,
20190830.0,0.0283543393015861,0.1401492357254028,0.0425979532301425,0.0647190660238266,0.0629707500338554,,,10.0,0.2253517508506775,1.2161247730255127,300.0245666503906,0.3348487019538879,282.44952392578125,267.4448547363281,0.0021517276763916,0.6166711449623108,200.0,0.0148457065224647,0.0
20190831.0,0.0282501224428415,0.1247002184391021,0.0527415499091148,0.0569501928985118,0.052214428782463,0.0280061699450016,0.0354930274188518,10.0,0.2253517508506775,1.2161247730255127,299.7387390136719,0.3375149369239807,283.8341369628906,266.77880859375,0.0,0.6535601615905762,200.0,0.0088857933878898,0.0
20190901.0,0.0282905772328376,0.1265882700681686,,,,,,,,,,,,,,,,,
20190902.0,0.0282630212604999,0.1143691465258598,0.0359167903661727,0.0467919893562793,0.0425044000148773,0.0177465267479419,0.0147099215537309,10.0,0.2253517508506775,1.2161247730255127,298.9053649902344,0.3414448797702789,284.614501953125,268.1650390625,0.005875033326447,0.5716845393180847,200.0,0.0070409784093499,0.0
20190903.0,0.0290165413171052,0.1408249735832214,,,,,0.0118106631562113,,,,,,,,,,,,
20190904.0,0.028586272150278,0.1185207590460777,,,,,,,,,,,,,,,,,
20190905.0,0.0306613948196172,0.1275073885917663,0.0461126267910003,0.0676054880023002,0.0618796348571777,0.0281226634979248,0.0378429517149925,10.0,0.2253517508506775,1.2161247730255127,300.0072631835937,0.3476258516311645,282.7935791015625,265.1355285644531,1.9383708238601685,0.7055183053016663,200.0,0.0139060150831937,0.0
20190906.0,0.0696997791528701,0.1661549359560012,,,,,,,,,,,,,,,,,
20190907.0,0.0540625117719173,0.1726614236831665,0.0504958145320415,0.071604274213314,0.0647430941462516,,0.0338145084679126,10.0,0.2253517508506775,1.2161247730255127,293.7258605957031,0.3517608046531677,280.3095397949219,262.09356689453125,0.0,1.7139266729354858,200.0,0.0371350347995758,0.0
20190908.0,0.0406790040433406,0.139380395412445,0.0600334629416465,0.0718930810689926,0.0712957233190536,0.0170607604086399,0.0269783623516559,10.0,0.2253517508506775,1.2161247730255127,293.55670166015625,0.353832483291626,278.597412109375,265.03533935546875,0.1736740469932556,1.1328071355819702,200.0,0.0649958699941635,0.0
20190909.0,0.0350882597267627,0.1352236866950988,,,,,,,,,,,,,,,,,
20190910.0,0.0330761335790157,0.1372756212949752,0.0518342182040214,0.0589177794754505,0.052174873650074,0.0348013788461685,0.0425733216106891,10.0,0.2253517508506775,1.2161247730255127,291.1806640625,0.3579843640327453,278.9930725097656,260.958740234375,0.4577239751815796,0.7559272050857544,200.0,0.0240823645144701,0.0
20190911.0,0.0472416393458843,,,,,,,,,,,,,,,,,,
20190912.0,0.0393951870501041,0.1516799628734588,,,,,0.0349742136895656,,,,,,,,,,,,
20190913.0,0.0329210944473743,0.1386031210422516,0.0454470440745353,0.0565021596848964,0.0521747693419456,0.0284024961292743,0.0305795464664697,10.0,0.2253517508506775,1.2161247730255127,293.1837463378906,0.3647915124893188,278.6581420898437,262.158203125,0.0,0.723475456237793,200.0,0.0320448279380798,0.0
20190914.0,0.0299282055348157,0.1310084462165832,,,,,,,,,,,,,,,,,
20190915.0,0.0289759542793035,0.1332436800003051,0.0383525900542736,0.0559980683028698,0.0539093762636184,0.0275843795388937,0.0361339151859283,10.0,0.2253517508506775,1.2161247730255127,294.1321716308594,0.362129271030426,279.6026611328125,264.3099060058594,0.0,0.5032172203063965,200.0,0.0207881238311529,0.0
20190916.0,0.0360237024724483,0.1293385773897171,0.051796518266201,0.0601169690489769,0.057019043713808,,0.0119022186845541,10.0,0.2253517508506775,1.2161247730255127,289.9546813964844,0.3566149473190307,278.879150390625,263.0594482421875,6.373625755310059,0.6669884324073792,200.0,0.024160198867321,0.0
20190918.0,0.1026931703090667,0.166298821568489,0.073791429400444,0.0919791981577873,0.0839849114418029,0.0376976132392883,0.0484328754246234,10.0,0.2253517508506775,1.2161247730255127,285.5745544433594,0.3474105894565582,270.674560546875,253.33544921875,4.755868434906006,1.7725114822387695,200.0,0.1080681905150413,0.0
20190920.0,0.1783880293369293,,,,,0.1646158248186111,0.1987670511007309,,,,,,,,,,,,
20190922.0,0.1364761441946029,0.2222988009452819,,,,,,,,,,,,,,,,,
20190923.0,0.1411627382040023,0.225961148738861,0.1429947167634964,0.1630838066339492,0.138431578874588,0.107322447001934,0.1428266316652298,10.0,0.2253517508506775,1.2161247730255127,285.57086181640625,0.3241018652915954,256.45440673828125,233.38214111328125,2.283538818359375,1.9495888948440552,200.0,0.1347248256206512,0.171541665991147
20190924.0,0.1227135956287384,0.225957378745079,0.132657304406166,0.1514036655426025,0.1289444863796234,,,10.0,0.2253517508506775,1.2161247730255127,287.1248779296875,0.3194842934608459,259.5152282714844,237.6629943847656,0.000426173210144,2.105698108673096,200.0,0.1740927100181579,0.159666668623686
20190925.0,0.0965914130210876,0.2083044201135635,,,,,0.0881069377064704,,,,,,,,,,,,
20190926.0,0.0737154781818389,0.1842624545097351,0.0959415361285209,0.1273524761199951,0.1107130870223045,0.0418238341808319,0.060487687587738,10.0,0.2253517508506775,1.2161247730255127,288.6570739746094,0.3102931976318359,265.3954467773437,246.12667846679688,0.0,1.7212527990341189,200.0,0.1456673443317413,0.142708333209157
20190927.0,0.0560444891452789,0.1877645850181579,,,,,,,,,,,,,,,,,
20191006.0,0.0920200869441032,,,,,0.0640921518206596,0.0762352347373962,,,,,,,,,,,,
20191007.0,0.0783972591161727,,0.0966206640005111,0.1104672625660896,0.0986544638872146,,,10.0,0.2253517508506775,1.2161247730255127,282.4523010253906,0.2856099605560303,262.3280639648437,243.3778839111328,0.0,1.2442196607589722,200.0,0.1619808375835418,0.160041667521
20191008.0,0.0655319392681121,,,,,0.0416966341435909,0.0531022064387798,,,,,,,,,,,,
20191012.0,0.0436734743416309,,,0.081015333533287,0.0749973207712173,,,10.0,0.2253517508506775,1.2161247730255127,279.736328125,0.2810018062591553,264.454345703125,248.593994140625,0.0017091408371925,0.5718672871589661,200.0,0.1359572261571884,0.127708333233992
20191013.0,0.0403960309922695,,,,,,0.0439161360263824,,,,,,,,,,,,
20191014.0,0.0377567484974861,,,,,,0.0301522873342037,,,,,,,,,,,,
20191015.0,0.0357705391943454,,0.0587652288377285,0.0789703205227851,0.0727618932723999,,,10.0,0.2253517508506775,1.2161247730255127,283.31842041015625,0.2783995270729065,267.62701416015625,251.2045288085937,0.0,0.4237659573554992,200.0,0.1047988906502723,0.128333333569268
20191016.0,0.0344215892255306,,,,,0.0377473905682563,0.0480361357331275,,,,,,,,,,,,
20191017.0,0.0357266813516616,,0.0576221160590648,0.0603059381246566,0.0520103685557842,,,10.0,0.2253517508506775,1.2161247730255127,284.4310607910156,0.2746658623218536,272.3948974609375,254.1612243652344,0.4794471859931946,0.4943931102752685,200.0,0.0521069467067718,0.128105263176717
20191023.0,0.0445139892399311,,0.0663178637623786,0.0875076651573181,0.0787071511149406,,,10.0,0.2253517508506775,1.2161247730255127,281.3548583984375,0.2577420473098755,266.0043029785156,248.2269287109375,0.0008523463038727,0.5218161940574646,200.0,0.1068213433027267,0.160913043695947
20191024.0,0.0414401590824127,,,,,0.0417126417160034,0.0519425049424171,,,,,,,,,,,,
20191025.0,0.0389179326593875,,0.0574307814240455,0.0705098807811737,0.0652689039707183,,,10.0,0.2253517508506775,1.2161247730255127,282.0115966796875,0.2521990835666656,267.5959167480469,251.34078979492188,0.0025749204214662,0.4441814124584198,200.0,0.0997684150934219,0.147833334902922
20191026.0,0.036874920129776,,0.0648737549781799,0.0847051218152046,0.0793576464056968,0.0224570948630571,0.0288094729185104,10.0,0.2253517508506775,1.2161247730255127,281.86688232421875,0.2494363486766815,266.3087158203125,251.45046997070312,0.0085714804008603,0.3435806035995483,200.0,0.1161718964576721,0.146099999547005
20200227.0,0.3081802129745483,,,,,,,,,,,,,,,,,,
20200228.0,0.299983412027359,,,,,,,10.0,0.2253517508506775,1.2161247730255127,275.6103820800781,0.0,261.5385131835937,244.79788208007807,0.0008523463038727,1.4002000093460083,200.0,0.1890102177858352,0.0486666664835953
20200305.0,0.2762293815612793,,,,,,,,,,,,,,,,,,
20200306.0,0.2619092762470245,,,,,,,,,,,,,,,,,,
20200408.0,0.3034181296825409,,0.1055097877979278,,,0.0683774426579475,0.0839259028434753,10.0,0.2253517508506775,1.2161247730255127,279.75201416015625,0.0003544613718986,257.3853454589844,239.9872131347656,0.0025603508111089,2.71358323097229,200.0,0.2331908941268921,0.0980000004849651
20200409.0,0.2735554575920105,,,,,,,,,,,,,,,,,,
20200418.0,0.1313664466142654,,0.057515624910593,,,0.0319719724357128,0.0531022064387798,10.0,0.2253517508506775,1.2161247730255127,282.2284851074219,0.1842066198587417,266.7632141113281,248.70541381835932,0.574006974697113,2.0570969581604004,200.0,0.1651791781187057,0.208826085795527
20200420.0,0.1575265824794769,,,,,,0.1103244125843048,,,,,,,,,,,,
20200422.0,0.1297460049390792,0.2080433517694473,,,,,,,,,,,,,,,,,
20200423.0,0.1396296024322509,0.2396921962499618,,,,0.054328117519617,0.0913113802671432,,,,,,,,,,,,
20200424.0,0.1219312325119972,,0.0651834234595298,0.0867936834692955,0.0789270177483558,,,10.0,0.2253517508506775,1.2161247730255127,283.65362548828125,0.2763004302978515,267.48150634765625,250.35519409179688,0.5086070895195007,1.9559444189071653,200.0,0.1740600615739822,0.23881818015467
20200425.0,0.1169247850775718,0.2174554467201233,,,,,,,,,,,,,,,,,
20200426.0,0.1023127138614654,,0.0653422549366951,0.0829234421253204,0.077410452067852,0.0388244874775409,0.0559709481894969,10.0,0.2253517508506775,1.2161247730255127,288.5829467773437,0.2862535119056701,269.6650085449219,254.05352783203125,0.0721345394849777,2.292729616165161,200.0,0.188942477107048,0.245833332339923
20200427.0,0.0932219251990318,0.2140973210334777,0.0741454809904098,0.0919264629483223,0.0862148627638816,,,10.0,0.2253517508506775,1.2161247730255127,287.3735656738281,0.2909771800041199,269.22430419921875,254.0150756835937,1.5729752779006958,2.2062549591064453,200.0,0.1835986971855163,0.251347824283268
20200428.0,0.0900027006864547,0.2063732147216797,,,,0.0243022702634334,0.0434888750314712,,,,,,,,,,,,
20200429.0,0.0717011615633964,0.200774073600769,0.0474254302680492,0.0669459626078605,0.0667780637741088,,,10.0,0.2253517508506775,1.2161247730255127,291.43804931640625,0.3004728257656097,273.6783447265625,260.02618408203125,0.2719759941101074,1.7764848470687866,200.0,0.150101900100708,0.26050000016888
20200430.0,0.069349430501461,0.2054570615291595,,,,,,,,,,,,,,,,,
20200501.0,0.0786880031228065,0.2084717154502868,,,,0.0231989622116088,0.0343638435006141,,,,,,,,,,,,
20200502.0,0.0629719048738479,0.1841775774955749,0.0404856987297534,0.0712663009762764,0.069599449634552,,,10.0,0.2253517508506775,1.2161247730255127,288.1651306152344,0.3148373365402221,272.4017944335937,258.24481201171875,0.1519839167594909,1.7102769613265991,200.0,0.1661684960126876,0.253708330914378
20200505.0,0.0494782999157905,,,,,,,,,,,,,,,,,,
20200506.0,0.0429346673190593,0.1883123368024826,,,,0.025172771885991,0.0386669524013996,,,,,,,,,,,,
20200507.0,0.0407805703580379,,0.0316234864294528,0.0582825578749179,0.0592428408563137,,,10.0,0.2253517508506775,1.2161247730255127,287.5677185058594,0.3383402526378631,272.2865295410156,258.9548034667969,0.0,1.218733310699463,200.0,0.1471079140901565,0.210714284862791
20200508.0,0.0380290150642395,,,,,,0.0189214758574962,,,,,,,,,,,,
20200509.0,0.034927561879158,0.1530625969171524,,,,0.0038030757568776,0.0051881466060876,,,,,,,,,,,,
20200510.0,0.0336248725652694,0.1834217011928558,0.0259134527295827,0.0465344116091728,0.0435619167983531,,,10.0,0.2253517508506775,1.2161247730255127,294.34912109375,0.3731124699115753,277.9578857421875,262.93853759765625,0.0266969241201877,0.8870375752449036,200.0,0.0556163787841796,0.187041668221354
20200511.0,0.0345189347863197,0.1699046492576599,,,,0.0178780239075422,0.0401318408548831,,,,,,,,,,,,
20200512.0,0.0381875149905681,0.1792670488357544,0.0338640995323658,0.0563796013593673,0.057614080607891,,,10.0,0.2253517508506775,1.2161247730255127,287.8104248046875,0.4021455645561218,275.338134765625,262.01043701171875,1.247910737991333,0.8644363284111023,200.0,0.0780911892652511,0.174739128869513
20200516.0,0.1051639392971992,0.2093332409858703,,,,0.0413482189178466,0.0509964302182197,,,,,,,,,,,,
20200517.0,0.0961382836103439,0.1969226896762848,,,,,,,,,,,,,,,,,
20200518.0,0.1273754090070724,,0.1525800228118896,0.1601916998624801,0.1367356181144714,,,10.0,0.2253517508506775,1.2161247730255127,285.2632751464844,0.4934462308883667,258.03680419921875,237.3142242431641,4.835781574249268,2.6392569541931152,200.0,0.1882082521915435,0.20299999974668
20200521.0,0.1313919574022293,,0.0942939594388008,0.0975324511528015,0.089846134185791,0.0362344458699226,0.0507522821426391,10.0,0.2253517508506775,1.2161247730255127,283.821533203125,0.5410187244415283,266.51177978515625,249.2096405029297,1.0941002368927002,2.4843997955322266,200.0,0.2034777104854583,0.212578946822568
20200524.0,0.0756424814462661,0.1778100132942199,,,,0.0301911011338233,0.0502945035696029,,,,,,,,,,,,
20200525.0,0.0540479756891727,0.1694864481687545,,,,,,,,,,,,,,,,,
20200526.0,0.0396420992910862,0.1850264221429824,,,,,0.016754662618041,,,,,,,,,,,,
20200527.0,0.0597200132906436,0.1815179586410522,,,,0.0120053915306925,0.0227668080478906,,,,,,,,,,,,
20200528.0,0.0493167489767074,0.1855411976575851,0.0488571971654892,0.0519093908369541,0.0497038625180721,,,10.0,0.2253517508506775,1.2161247730255127,299.85858154296875,0.5920478105545044,280.9122314453125,266.00689697265625,1.0570809841156006,2.138674736022949,200.0,0.0544876046478748,0.146541669343909
20200529.0,0.0355147086083889,0.1707569509744644,0.0598960518836975,0.059634231030941,0.0561637394130229,0.0082316733896732,0.0285653248429298,10.0,0.2253517508506775,1.2161247730255127,300.685791015625,0.5926480293273926,280.8472900390625,265.1132202148437,0.001373557257466,1.3552052974700928,200.0,0.0488832257688045,0.122208334195117
20200530.0,0.0306918527930974,0.1734416633844375,,,,,,,,,,,,,,,,,
20200531.0,0.0333534888923168,0.1493835300207138,0.0374529808759689,0.0599546730518341,0.0585325546562671,,0.071993164718151,10.0,0.2253517508506775,1.2161247730255127,293.9254150390625,0.5938491225242615,278.5843811035156,263.9488525390625,0.1552257388830185,1.0333434343338013,200.0,0.069399818778038,0.0823333328589797
20200601.0,0.0324030630290508,0.1675909608602523,,,,0.033699057996273,0.0499893203377723,,,,,,,,,,,,
20200602.0,0.03431411460042,,,,,,,,,,,,,,,,,,
20200603.0,0.0310527421534061,0.1548361927270889,0.0349192097783088,0.0497239977121353,0.0471409708261489,0.0167687702924013,0.0212408825755119,10.0,0.2253517508506775,1.2161247730255127,299.283203125,0.5956519246101379,280.9416809082031,265.900390625,0.0015497208805754,0.9237115383148192,200.0,0.0452397093176841,0.0630000003923972
20200604.0,0.0300334990024566,0.1613257229328155,,,,,,,,,,,,,,,,,
20200605.0,0.0354307480156421,0.1518050879240036,0.0380656458437442,0.0636077895760536,0.0705333948135376,,,10.0,0.2253517508506775,1.2161247730255127,299.0024108886719,0.5968548059463501,278.83673095703125,268.16326904296875,0.5388210415840149,1.2068976163864136,200.0,0.0908384546637535,0.0432083333532015
20200606.0,0.0393613204360008,0.1493764072656631,0.0436575710773468,0.0568415559828281,0.0530756190419197,0.0142148612067103,0.0242011789232492,10.0,0.2253517508506775,1.2161247730255127,293.64996337890625,0.5974825620651245,281.4081726074219,265.53302001953125,3.867702007293701,1.2319934368133545,200.0,0.0335107184946537,0.0361666673173507
20200609.0,0.0619062781333923,0.1714016795158386,,,,,0.0340281389653682,,,,,,,,,,,,
20200610.0,0.045761551707983,0.1511532217264175,,,,,,,,,,,,,,,,,
20200611.0,0.0354819633066654,0.1346344500780105,0.0315297283232212,0.0459690429270267,0.0421177633106708,0.0135990427806973,0.0272835474461317,10.0,0.2253517508506775,1.2161247730255127,296.5453491210937,0.5907065272331238,280.57000732421875,265.2218933105469,0.0047802929766476,1.13789701461792,200.0,0.0499253645539283,0.032833333980913
20200612.0,0.0311891138553619,0.1373980045318603,,,,,,,,,,,,,,,,,
20200613.0,0.070986084640026,0.2694134414196014,,,,,0.2296517789363861,,,,,,,,,,,,
20200615.0,0.0830292105674743,0.2403075248003006,,,,,,,,,,,,,,,,,
20200616.0,0.0836330279707908,,0.1658994555473327,0.1708252429962158,0.1483975350856781,0.1479411125183105,0.1752067655324936,10.0,0.2253517508506775,1.2161247730255127,287.436767578125,0.5700182914733887,255.8890991210937,232.15985107421875,2.3470911979675293,2.0943968296051025,200.0,0.1557835787534713,0.237208333487312
20200618.0,0.059066317975521,0.2081179767847061,,,,,0.0786461979150772,,,,,,,,,,,,
20200619.0,0.0408856980502605,0.1822685003280639,0.0914015844464302,0.0941702723503112,0.0859955102205276,0.0464277453720569,0.0600604265928268,10.0,0.2253517508506775,1.2161247730255127,295.0982971191406,0.5576176643371582,271.53778076171875,252.9761657714844,0.0017119223484769,1.4808926582336426,200.0,0.1168132647871971,0.178375001375874
20200620.0,0.0315921530127525,0.1818069219589233,,,,,,,,,,,,,,,,,
20200621.0,0.029396403580904,0.1701202541589737,0.0686825886368751,0.0639189928770065,0.0588891766965389,0.0341671966016292,0.0469374693930149,10.0,0.2253517508506775,1.2161247730255127,300.9371643066406,0.5493946075439453,279.2467346191406,262.6102600097656,0.0004308825009502,0.7691158056259155,200.0,0.0544848851859569,0.143791666254401
20200622.0,0.0287368111312389,0.1588804274797439,0.0839870423078537,0.0633299499750137,0.0623467005789279,,,10.0,0.2253517508506775,1.2161247730255127,301.8431701660156,0.5453011393547058,279.7040100097656,265.2323608398437,0.0,0.7717997431755066,200.0,0.060745321214199,0.124624999550482
20200623.0,0.0283497981727123,0.152444526553154,,,,,,,,,,,,,,,,,
20200624.0,0.0296966563910245,0.1550232470035553,0.0599989108741283,0.0655543282628059,0.0636729449033737,0.0147575475275516,0.0242011789232492,10.0,0.2253517508506775,1.2161247730255127,305.950927734375,0.5371972322463989,282.6846923828125,267.6727294921875,0.7984204888343811,0.98807692527771,200.0,0.0244476180523633,0.0792500007276734
20200625.0,0.0356443114578723,0.1662539988756179,,,,,,,,,,,,,,,,,
20200626.0,0.0293177794665098,0.1483488231897354,,,,0.0289625860750675,0.0265511032193899,,,,,,,,,,,,
20200627.0,0.0281123649328947,0.1435003131628036,0.0566246695816516,0.070394717156887,0.0658815875649452,,0.0115665150806307,10.0,0.2253517508506775,1.2161247730255127,303.79473876953125,0.5231853127479553,282.04644775390625,265.56689453125,0.6322966814041138,0.8131147623062134,200.0,0.0250275935977697,0.0441250000149012
20200628.0,0.0371533408761024,0.1370705813169479,,,,,,,,,,,,,,,,,
20200630.0,0.0435911789536476,,0.0710026025772094,0.0746693015098571,0.0730782151222229,,,10.0,0.2253517508506775,1.2161247730255127,293.2182922363281,0.5085489749908447,274.940673828125,260.8760070800781,0.0229769274592399,1.5403714179992676,200.0,0.1349458247423172,0.0297916670485089
20200701.0,0.032839361578226,0.1311717927455902,,,,,0.0264290291815996,,,,,,,,,,,,
20200702.0,0.0295124296098947,0.1214571967720985,0.0413881279528141,0.05127589777112,0.0479160919785499,0.0117081003263592,0.0104068117216229,10.0,0.2253517508506775,1.2161247730255127,297.2087707519531,0.4988376200199127,280.04254150390625,264.48272705078125,0.0008523463038727,0.7912834286689758,200.0,0.0404114201664924,0.0264583338672916
20200703.0,0.0287974495440721,0.1225018873810768,,,,,,,,,,,,,,,,,
20200704.0,0.028463140130043,0.1115427687764167,,,,0.0199330374598503,0.0265511032193899,,,,,,,,,,,,
20200705.0,0.0287606958299875,0.1188803613185882,,,,,,,,,,,,,,,,,
20200706.0,0.0281595718115568,0.1190037727355957,,,,,0.0122379222884774,,,,,,,,,,,,
20200707.0,0.0281804334372282,0.1222811788320541,0.0368874967098236,0.0549357533454895,0.0508063957095146,0.01772191375494,0.0216376241296529,10.0,0.2253517508506775,1.2161247730255127,299.8314819335937,0.4747869968414306,282.5103454589844,266.2933959960937,0.0,0.7081259489059448,200.0,0.0182124786078929,0.020090909039771
20200708.0,0.0282551795244216,0.1105521321296691,0.0500689037144184,0.0524014346301555,0.0520461685955524,,,10.0,0.2253517508506775,1.2161247730255127,299.37548828125,0.4700146317481994,281.6068115234375,267.2403564453125,0.0,0.7354703545570374,200.0,0.0289274808019399,0.018791666526037
20200709.0,0.0279528629034757,0.1136030778288841,,,,0.0221949964761734,0.0326853245496749,,,,,,,,,,,,
20200710.0,0.027996988967061,0.1255199909210205,0.0298280678689479,0.0510072484612464,0.0504217147827148,,0.0,10.0,0.2253517508506775,1.2161247730255127,301.2296447753906,0.460495263338089,283.02691650390625,268.5081787109375,0.0,0.6735197901725769,200.0,0.0169329661875963,0.0172857141920498
20200711.0,0.0279080159962177,0.1169267669320106,,,,,,,,,,,,,,,,,
20200712.0,0.0278173927217721,0.1038188636302948,,,,0.0160739868879318,0.0175176244229078,,,,,,,,,,,,
20200713.0,0.0278053469955921,0.1105077341198921,0.0352109596133232,0.0568806417286396,0.0584199018776416,,,10.0,0.2253517508506775,1.2161247730255127,302.84686279296875,0.4467810690402984,282.95758056640625,269.4169921875,0.0017225742340087,0.7237667441368103,200.0,0.0207743979990482,0.0136956522322219
20200714.0,0.0277487337589263,0.1145557686686515,,,,0.0092951711267232,0.0,,,,,,,,,,,,
20200715.0,0.0277003049850463,0.1052941158413887,0.0320496223866939,0.0567799471318721,0.0584082789719104,,0.0,10.0,0.2253517508506775,1.2161247730255127,302.5030212402344,0.4378155469894409,282.7825927734375,269.28564453125,0.0013027214445173,0.7437286972999573,200.0,0.0218311194330453,0.0103478263253751
20200716.0,0.0276430435478687,0.0985269472002983,0.0508676953613758,0.0551447160542011,0.0556272007524967,,,10.0,0.2253517508506775,1.2161247730255127,303.4909362792969,0.4333540201187134,283.6968078613281,269.5863037109375,0.0017225742340087,0.6884761452674866,200.0,0.0144127430394291,0.0092727272898297
20200717.0,0.0275490134954452,0.1177949234843254,,,,0.0139227677136659,0.0181890316307544,,,,,,,,,,,,
20200718.0,0.027584234252572,0.1147279366850853,0.0354641564190387,0.0523191653192043,0.0547286309301853,,,10.0,0.2253517508506775,1.2161247730255127,304.6737976074219,0.424466460943222,285.0196533203125,271.6947937011719,0.0,0.7010477781295776,200.0,0.0109165739268064,0.0070000001530085
20200719.0,0.0274597313255071,0.1175084337592125,,,,,0.024140141904354,,,,,,,,,,,,
20200720.0,0.0277106668800115,0.1359420865774154,,,,0.0045357961207628,3.051850944757461e-05,,,,,,,,,,,,
20200721.0,0.0274284482002258,0.1164839267730712,0.0287005305290222,0.0468987338244915,0.0498946458101272,,,10.0,0.2253517508506775,1.2161247730255127,305.5558166503906,0.4112241864204407,286.732421875,273.5458984375,0.0521080419421196,0.6478393077850342,200.0,0.0080679198727011,0.0034210526960362
20200722.0,0.0312722325325012,0.1416634917259216,,,,0.0500261820852756,0.071993164718151,,,,,,,,,,,,
20200723.0,0.0378632359206676,0.1861080527305603,0.1567201614379882,0.1766077578067779,0.1483796536922454,,,10.0,0.2253517508506775,1.2161247730255127,300.8746032714844,0.4024553894996643,264.9862670898437,240.9454040527344,1.6679306030273438,1.411287784576416,200.0,0.0507506020367145,0.0003181818227114
20200724.0,0.0599865019321441,0.1908644139766693,0.1248591542243957,0.1301648318767547,0.1140359342098236,,0.0921659022569656,10.0,0.2253517508506775,1.2161247730255127,298.7623596191406,0.3980720341205597,271.9349975585937,250.04879760742188,1.0256595611572266,2.538146734237671,200.0,0.0563939101994037,8.69565258693436e-05
20200725.0,0.0351643450558185,0.1773652583360672,,,,0.0410421080887317,0.0490127280354499,,,,,,,,,,,,
20200727.0,0.0288246478885412,0.1525802761316299,,,,0.0351418554782867,0.0503860600292682,,,,,,,,,,,,
20200728.0,0.0285578332841396,0.147398829460144,,,,,,,,,,,,,,,,,
20200729.0,0.0293862465769052,0.1404992491006851,0.0549287311732769,0.0782055780291557,0.0790119767189025,,,10.0,0.2253517508506775,1.2161247730255127,303.3331604003906,0.382635623216629,280.7881164550781,268.81329345703125,0.1787682473659515,0.7994808554649353,200.0,0.0443553663790226,0.0030000000689668
20200730.0,0.0276515502482652,0.1157241538166999,,,,0.0272110197693109,0.0339976213872432,,,,,,,,,,,,
20200801.0,0.0274094734340906,0.109561301767826,0.051864817738533,0.0545857213437557,0.0552881993353366,0.0133011732250452,0.017975402995944,10.0,0.2253517508506775,1.2161247730255127,303.44146728515625,0.3787569999694824,285.0599975585937,270.8826904296875,0.000870227755513,0.6781051754951477,200.0,0.0084042036905884,0.002900000027148
20200802.0,0.0273600984364748,0.1074465662240982,,,,,3.051850944757461e-05,,,,,,,,,,,,
20200803.0,0.0274090599268674,0.1164092123508453,0.0381507389247417,0.0512234084308147,0.0511382520198822,,,10.0,0.2253517508506775,1.2161247730255127,303.5303955078125,0.376242846250534,285.6834716796875,271.1270751953125,0.0,0.6641043424606323,200.0,0.0073139206506311,0.0015217391774058
20200804.0,0.0273869764059782,0.1071837842464447,,,,0.0205652918666601,0.0292062144726514,,,,,,,,,,,,
20200805.0,0.0276007615029811,0.1281343102455139,,,,,,,,,,,,,,,,,
20200806.0,0.0311312172561883,0.1289912313222885,0.053227063268423,0.0748630911111831,0.0720119476318359,,0.0378124341368675,10.0,0.2253517508506775,1.2161247730255127,301.046875,0.3724792003631592,281.51763916015625,266.55816650390625,0.42909637093544,0.9120268821716307,200.0,0.0287924949079751,0.0
20200807.0,0.0305038820952177,0.1119427382946014,,,,,0.0116580706089735,,,,,,,,,,,,
20200808.0,0.027956549078226,0.1366130858659744,0.0373200811445713,0.0594500340521335,0.0605113171041011,,,10.0,0.2253517508506775,1.2161247730255127,301.6512756347656,0.3699751496315002,282.7260131835937,269.049560546875,0.0,0.6888032555580139,200.0,0.0181461703032255,0.0
20200809.0,0.0274071581661701,0.1167774945497512,0.054895032197237,0.0554684549570083,0.0557003319263458,0.0234490651637315,0.0321970283985137,10.0,0.2253517508506775,1.2161247730255127,303.0373840332031,0.3687441945075989,284.05841064453125,269.79345703125,0.0017122188583016,0.6220118403434753,200.0,0.0101665453985333,0.0
20200810.0,0.0274137631058692,0.1171366050839424,,,,,,,,,,,,,,,,,
20200811.0,0.0274508129805326,0.1098192855715751,0.0433541648089885,0.0553022809326648,0.0512546114623546,,0.021301919594407,10.0,0.2253517508506775,1.2161247730255127,302.5068664550781,0.3665196299552917,285.43426513671875,268.77862548828125,0.0794033333659172,0.5356358885765076,200.0,0.0054387641139328,0.0
20200812.0,0.040966473519802,0.1842153519392013,,,,0.056995365768671,0.0631733164191246,,,,,,,,,,,,
20200813.0,0.0306738950312137,0.150631695985794,,,,,,,,,,,,,,,,,
20200814.0,0.0279862713068723,0.1068573370575904,0.0400481708347797,0.0596941076219081,0.0619213730096817,0.0224735178053379,0.0332956947386264,10.0,0.2253517508506775,1.2161247730255127,300.9756774902344,0.3552245497703552,282.5423583984375,269.4625244140625,0.0008523463038727,0.6226475238800049,200.0,0.0172809697687625,0.0
20200815.0,0.0273961015045642,0.1157579347491264,,,,,,,,,,,,,,,,,
20200816.0,0.03244449198246,0.1244400963187217,0.0441160425543785,0.0493443273007869,0.0474197603762149,,,10.0,0.2253517508506775,1.2161247730255127,303.7094116210937,0.3457634150981903,287.8115234375,272.30206298828125,1.240650653839111,0.828385591506958,200.0,0.0081722307950258,0.0
20200817.0,0.0356062464416027,0.1477072387933731,0.0585801862180233,0.0636017918586731,0.0601422376930713,0.0237699281424283,0.0304879918694496,10.0,0.2253517508506775,1.2161247730255127,302.3098449707031,0.3409975469112396,285.2839660644531,268.9900207519531,0.0387873910367488,1.263999104499817,200.0,0.0166369657963514,0.0
20200818.0,0.0313606299459934,0.1351400315761566,,,,,,,,,,,,,,,,,
20200819.0,0.0384117700159549,0.126796692609787,0.0394955389201641,0.0603794008493423,0.0562306083738803,0.0193452816456556,0.0252693258225917,10.0,0.2253517508506775,1.2161247730255127,300.5828552246094,0.3315113484859466,286.049560546875,269.2146301269531,0.21623495221138,1.1837598085403442,200.0,0.0171927437186241,0.0
20200820.0,0.0318175703287124,0.1109542623162269,,,,,,,,,,,,,,,,,
20200821.0,0.0281112436205148,0.1037241965532302,,,,,,,,,,,,,,,,,
20200822.0,0.0275897476822137,0.1104433983564376,0.0463025979697704,0.061913825571537,0.0611648000776767,0.0222596693783998,0.0318308062851429,10.0,0.2253517508506775,1.2161247730255127,301.128173828125,0.3173961341381073,282.13916015625,267.5418701171875,0.0008674924029037,0.5408808588981628,200.0,0.0156609304249286,0.0
20200823.0,0.027731942012906,0.118221528828144,,,,,,,,,,,,,,,,,
20200824.0,0.0289268903434276,0.1231899857521057,0.0509307235479354,0.0728346556425094,0.0732552111148834,,0.0376598425209522,10.0,0.2253517508506775,1.2161247730255127,302.31640625,0.308062195777893,281.5938720703125,268.6751708984375,0.4616220593452453,0.7707093358039856,200.0,0.0270578302443027,0.0
20200825.0,0.0501356646418571,0.1453188210725784,0.0580739863216877,0.0711520314216613,0.0660792961716651,,0.0278634000569582,10.0,0.2253517508506775,1.2161247730255127,298.6678771972656,0.3034014701843261,282.77801513671875,265.8412475585937,2.01999831199646,1.7928473949432373,200.0,0.0248965304344892,0.0
20200826.0,0.0362113937735557,0.1317013055086136,,,,,,,,,,,,,,,,,
20200827.0,0.038162600249052,0.1446752846240997,0.0536706820130348,0.0733015164732933,0.0726499632000923,0.0383505448698997,0.0524308010935783,10.0,0.2253517508506775,1.2161247730255127,298.97802734375,0.2939298748970032,280.70562744140625,267.18475341796875,0.864677369594574,1.3094704151153564,200.0,0.041029579937458,0.0
20200828.0,0.0311122592538595,0.1471388787031173,,,,,,,,,,,,,,,,,
20200829.0,0.0279465392231941,0.1244172677397728,,,,,0.031434066593647,,,,,,,,,,,,
20200830.0,,,,,,,,10.0,0.2253517508506775,1.2161247730255127,298.91229248046875,0.2864910364151001,283.19268798828125,266.1670227050781,0.000435113790445,0.5334678292274475,200.0,0.0069481087848544,0.0
20200901.0,,,,,,,,10.0,0.2253517508506775,1.2161247730255127,296.5553283691406,0.2832176089286804,282.8749084472656,265.4537048339844,0.0,0.4785146117210388,200.0,0.007251261267811,0.0
20200902.0,,,,,,,,10.0,0.2253517508506775,1.2161247730255127,300.1467590332031,0.2816324830055237,280.61749267578125,268.2917785644531,0.0,0.4425151348114013,200.0,0.0236875638365745,0.0
20200904.0,,,,,,,,10.0,0.2253517508506775,1.2161247730255127,302.969970703125,0.27846759557724,283.69195556640625,268.6852722167969,0.000857041333802,0.504314124584198,200.0,0.0084994304925203,0.0
20200907.0,,,,,,,,10.0,0.2253517508506775,1.2161247730255127,301.43408203125,0.2737340629100799,282.8973693847656,267.78955078125,0.0008583068847656,0.5531280636787415,200.0,0.0100146923214197,0.0
20200909.0,0.0280759204179048,0.1115929782390594,,0.0522185899317264,0.0496586002409458,0.0219417884945869,0.0250556971877813,10.0,0.2253517508506775,1.2161247730255127,291.1603698730469,0.2705875635147095,279.9024658203125,264.3870849609375,0.001710653072223,0.5058937668800354,200.0,0.0176193267107009,0.0
20200910.0,,,,,,,,10.0,0.2253517508506775,1.2161247730255127,293.2124938964844,0.2690224647521972,278.4218139648437,264.77734375,0.0008642672328278,0.4377039670944214,200.0,0.0226458199322223,0.0
20200912.0,,,,,,,,10.0,0.2253517508506775,1.2161247730255127,297.4559326171875,0.2659633755683899,280.1629943847656,267.15771484375,0.0,0.4150857329368591,200.0,0.0190859921276569,0.0
20200915.0,,,,,,,,10.0,0.2253517508506775,1.2161247730255127,296.11492919921875,0.259161502122879,281.40057373046875,264.6180725097656,0.0008523463038727,0.4021709263324737,200.0,0.0077444538474082,0.0
20200916.0,0.027674164623022,0.1153440847992897,,,,,0.0292977690696716,,,,,,,,,,,,
20200917.0,0.0276741944253444,0.1257932037115097,0.039554663002491,0.0532773323357105,0.0490080267190933,0.016390698030591,0.019226660951972,10.0,0.2253517508506775,1.2161247730255127,295.8468322753906,0.2540913820266723,280.607177734375,264.146484375,0.0008583068847656,0.4146259725093841,200.0,0.0104631800204515,0.0
20200918.0,0.0279520526528358,0.1206245645880699,0.049546543508768,0.0552743859589099,0.0572561509907245,,,10.0,0.2253517508506775,1.2161247730255127,293.5530700683594,0.2515474259853363,278.2549743652344,265.0594177246094,0.709854245185852,0.4099608361721039,200.0,0.0237681176513433,0.0
20200919.0,0.0363293625414371,,,,,0.0344410799443721,0.0387279875576496,,,,,,,,,,,,
20200920.0,0.0319457724690437,0.1239253804087638,0.0432362146675586,0.0532825142145156,0.0466505251824855,,,10.0,0.2253517508506775,1.2161247730255127,291.37762451171875,0.2464742958545684,278.6048889160156,260.93408203125,0.0017176661640405,0.6002691984176636,200.0,0.0204187203198671,0.0
20200921.0,0.029489105567336,0.1419201642274856,,,,,,,,,,,,,,,,,
20200922.0,0.0284604430198669,0.1262395232915878,,,,0.0226271878927946,0.0244148075580596,,,,,,,,,,,,
20200923.0,0.0281663537025451,0.1246948167681694,0.0404166020452976,0.0555289275944232,0.0490186475217342,,,10.0,0.2253517508506775,1.2161247730255127,293.44635009765625,0.2389016300439834,279.7600402832031,261.84259033203125,0.0010132798925042,0.3880600333213806,200.0,0.0102808531373739,0.0
20200924.0,0.0280791502445936,0.1284841299057006,,,,0.0197567008435726,0.0241096224635839,,,,,,,,,,,,
20200925.0,0.0283208135515451,0.1254381537437439,0.038854282349348,0.0522095970809459,0.0497413054108619,,,10.0,0.2253517508506775,1.2161247730255127,291.9327697753906,0.233877882361412,279.0342102050781,263.6153869628906,0.000435113790445,0.3610167801380157,200.0,0.0131220817565917,0.0
20200926.0,0.0283550601452589,0.139125108718872,0.0473265908658504,0.0552033931016922,0.0498280934989452,,,10.0,0.2253517508506775,1.2161247730255127,292.6268310546875,0.2313670367002487,279.7329406738281,262.60791015625,0.0013391183456405,0.3545294404029846,200.0,0.0100909415632486,0.0
20200927.0,0.0285922139883041,0.1301280856132507,,,,0.0237423069775104,0.0292062144726514,,,,,,,,,,,,
20200928.0,0.0285937320441007,0.1247855648398399,0.0337044447660446,0.050714049488306,0.0509461387991905,,,10.0,0.2253517508506775,1.2161247730255127,289.732177734375,0.2262842059135437,277.0790100097656,263.0157470703125,0.0,0.3851209878921509,200.0,0.0218376666307449,0.0
20200929.0,0.028406661003828,0.1308003067970276,,,,0.0171642359346151,0.019623402506113,,,,,,,,,,,,
20200930.0,0.0281281545758247,0.1292961984872818,,,,,0.0183416251093149,,,,,,,,,,,,
20201001.0,0.0278737675398588,0.1331484913825988,0.0333576910197734,0.0524210557341575,0.0485921837389469,,,10.0,0.2253517508506775,1.2161247730255127,293.3904724121094,0.2212809920310974,279.50567626953125,263.30694580078125,0.0,0.3299348652362823,200.0,0.0100394897162914,0.0
20201002.0,0.0278227124363183,0.13639996945858,,,,0.0215882454067468,0.0268868077546358,,,,,,,,,,,,
20201003.0,0.0277851782739162,0.136424720287323,0.0279030967503786,0.0512837134301662,0.0461189299821853,,,10.0,0.2253517508506775,1.2161247730255127,293.1278076171875,0.2186022698879242,280.223876953125,263.40380859375,0.0012934207916259,0.3357592225074768,200.0,0.0085192006081342,0.0
20201004.0,0.0278808306902647,0.1417721509933471,0.0366815477609634,0.0563741512596607,0.0570748038589954,,0.0187383648008108,10.0,0.2253517508506775,1.2161247730255127,292.35406494140625,0.2172839641571045,278.0442199707031,264.21099853515625,0.0,0.3111995160579681,200.0,0.0158913992345333,0.0
20201005.0,0.027950283139944,0.1416407078504562,,,,0.0167850609868764,0.0180974770337343,,,,,,,,,,,,
20201006.0,0.0279942601919174,0.1236316710710525,0.0346298329532146,0.0590843744575977,0.0568746849894523,,,10.0,0.2253517508506775,1.2161247730255127,291.59967041015625,0.2146515548229217,277.2347412109375,261.9607849121094,0.0008523463038727,0.3408401608467102,200.0,0.0168708376586437,0.0
20201007.0,0.0280384290963411,,,,,0.023556625470519,0.0307321399450302,,,,,,,,,,,,
20201008.0,0.0281295552849769,,,,,,,,,,,,,,,,,,
20201009.0,0.0282908417284488,,0.0360508561134338,0.0616848058998584,0.0598212666809558,,0.0361033976078033,10.0,0.2253517508506775,1.2161247730255127,289.8955993652344,0.2107134163379669,275.69732666015625,260.7536315917969,0.0004351138486526,0.3417383134365082,200.0,0.0250712446868419,0.0
20201010.0,0.0287497695535421,,,,,0.0210679918527603,0.0250862147659063,,,,,,,,,,,,
20201012.0,0.034871906042099,,0.0543954372406005,0.0675963684916496,0.0618187226355075,0.0295193120837211,0.036011841148138,10.0,0.2253517508506775,1.2161247730255127,285.13671875,0.2067797183990478,272.41815185546875,255.37060546875,0.0030148513615131,0.496131420135498,200.0,0.0558108016848564,0.0
20201013.0,0.0325228497385978,,,,,,,,,,,,,,,,,,
20201014.0,0.0310924015939235,,0.0486425831913948,0.0572449266910553,0.054390262812376,,,10.0,0.2253517508506775,1.2161247730255127,288.43756103515625,0.2040564119815826,275.0551147460937,259.53289794921875,9.006932668853551e-05,0.3400181233882904,200.0,0.028278786689043,0.0
20201015.0,0.0301645621657371,,,,,0.0220444463193416,0.0251777712255716,,,,,,,,,,,,
20201016.0,0.029733570292592,,,,,,,,,,,,,,,,,,
20201017.0,0.0292088016867637,0.1609992980957031,0.0404775403439998,0.0578536689281463,0.0545666217803955,0.0170824471861124,0.018005920574069,10.0,0.2253517508506775,1.2161247730255127,288.3288269042969,0.2032916247844696,274.27764892578125,258.5560913085937,0.0012814997462555,0.2650686204433441,200.0,0.0273458771407604,0.0
20201018.0,0.0290695708245039,,,,,,0.0083315530791878,,,,,,,,,,,,
20201019.0,0.0290778558701276,,0.0417012982070446,0.0615234188735485,0.0580490082502365,,,10.0,0.2253517508506775,1.2161247730255127,287.2111511230469,0.2036114633083343,273.8905029296875,258.1405639648437,0.0012872201623395,0.2594954669475555,200.0,0.030708173289895,0.0
20201020.0,0.0289955027401447,0.1377537846565246,0.0453844219446182,0.0651544630527496,0.0640263482928276,0.0241772420704364,0.0291146580129861,10.0,0.2253517508506775,1.2161247730255127,287.44403076171875,0.203795701265335,272.74542236328125,258.51593017578125,0.0,0.2675658464431762,200.0,0.0425982400774955,0.0
20201021.0,0.0290680080652236,,,,,,,,,,,,,,,,,,
20201024.0,0.0299734510481357,,,,,,,,,,,,,,,,,,
20201028.0,0.0311445891857147,,0.0430959239602088,0.0596513226628303,0.0577022805809974,,0.0281380657106637,10.0,0.2253517508506775,1.2161247730255127,281.2382202148437,0.2053557336330413,268.02642822265625,253.41709899902344,0.0,0.2198395431041717,200.0,0.0753129869699478,0.0
20201029.0,0.0308669973164796,,,,,,,,,,,,,,,,,,
20201030.0,0.0306968800723552,,0.036497838795185,0.0543417744338512,0.0526217892765998,0.0230627432465553,0.0281075481325387,10.0,0.2253517508506775,1.2161247730255127,281.5211181640625,0.2069195657968521,270.28143310546875,255.6064453125,0.0034405547194182,0.2194533497095108,200.0,0.0570332333445549,0.0
20201031.0,0.0304063875228166,,,,,,,,,,,,,,,,,,
20201101.0,0.0304705202579498,,,,,,,,,,,,,,,,,,
20201102.0,0.0304326899349689,,,,,0.0222553703933954,0.0260628070682287,,,,,,,,,,,,
20201103.0,0.0303579866886138,,,,,,,,,,,,,,,,,,
20201104.0,0.0302346497774124,,0.0309136603027582,0.0563668720424175,0.0565215088427066,0.0120115764439105,0.0035401470959186,10.0,0.2253517508506775,1.2161247730255127,282.8914794921875,0.1454024910926818,270.8502197265625,257.0886535644531,0.001728534582071,0.2076921015977859,200.0,0.0533036701381206,0.0
20201105.0,0.0302140396088361,,0.0398155935108661,0.0573022626340389,0.0540704131126403,,0.0152592547237873,10.0,0.2253517508506775,1.2161247730255127,283.3139343261719,0.1307902932167053,271.4176025390625,255.919677734375,0.0,0.186921626329422,200.0,0.0433705300092697,0.0
20201106.0,0.0370245724916458,,,,,,,,,,,,,,,,,,
20201116.0,0.1763350218534469,0.2171359062194824,,,,,,,,,,,,,,,,,
20201117.0,0.2009936720132827,,,,,0.0928002744913101,,,,,,,,,,,,,
20210328.0,0.3038275241851806,,0.0776427462697029,,,0.0525761172175407,,10.0,0.2253517508506775,1.2161247730255127,278.85162353515625,0.0,262.73779296875,242.7269592285156,0.001280621974729,2.642788887023926,200.0,0.1893830150365829,0.0
20210401.0,0.2355789393186569,,,,,,,,,,,,,,,,,,
20210402.0,0.2162667959928512,,,,,0.0250663198530673,,,,,,,,,,,,,
20210403.0,0.197357177734375,,0.0577417574822902,,,,,10.0,0.2253517508506775,1.2161247730255127,281.8963928222656,0.0111248604953289,263.75372314453125,247.19076538085932,0.0008523463620804,2.791161060333252,200.0,0.2181103229522705,0.0
20210404.0,0.1792510747909546,,,,,,,,,,,,,,,,,,
20210407.0,0.1418818980455398,,,,,,0.0432142093777656,,,,,,,,,,,,
20210420.0,0.0533689521253109,,,,,0.0117323538288474,0.0120548112317919,,,,,,,,,,,,
20210422.0,0.0514438971877098,,0.0480767637491226,0.0619111023843288,0.0620400719344615,,,10.0,0.2253517508506775,1.2161247730255127,284.8177490234375,0.1558785885572433,269.2054748535156,255.66705322265625,0.2692333161830902,1.2801785469055176,200.0,0.1719146221876144,0.231666666766008
20210424.0,0.058379378169775,,0.0615102760493755,0.0902860388159751,0.0822233781218528,,,10.0,0.2253517508506775,1.2161247730255127,287.05810546875,0.1709453463554382,268.16485595703125,250.70327758789065,4.088024139404297,1.4552558660507202,200.0,0.0992236509919166,0.231761904699462
20210428.0,0.1388919055461883,0.2398326694965362,,,,0.0967266932129859,0.1170690059661865,,,,,,,,,,,,
20210429.0,0.1250102519989013,0.2257659882307052,0.0976452603936195,,,,,10.0,0.2253517508506775,1.2161247730255127,286.62701416015625,0.2095223367214203,262.2213134765625,243.1363677978516,0.0008583068847656,2.832285165786743,200.0,0.2097204476594925,0.162260870570722
20210501.0,0.0687097087502479,0.1935058385133743,,,,0.0198516957461833,0.0277108065783977,,,,,,,,,,,,
20210504.0,0.054419919848442,,,,,,0.0,,,,,,,,,,,,
20210505.0,0.0451992936432361,0.1789979189634323,0.0536519475281238,0.0737178549170494,0.0701867938041687,,,10.0,0.2253517508506775,1.2161247730255127,289.0761413574219,0.2574692964553833,271.1138916015625,256.0047912597656,0.0008523463038727,1.3409193754196167,200.0,0.1365246325731277,0.17837500013411
20210506.0,0.0386926047503948,0.1835872828960418,,,,0.026435948908329,0.0337229520082473,,,,,,,,,,,,
20210507.0,0.0371998362243175,0.1800398975610733,0.0397726744413375,0.0716854557394981,0.0745674595236778,,,10.0,0.2253517508506775,1.2161247730255127,289.4655456542969,0.2739166021347046,272.827880859375,261.13702392578125,0.0230580549687147,0.848091721534729,200.0,0.1266818791627884,0.156708334262172
20210511.0,0.0358341373503208,0.1609986424446106,,,,0.0177429243922233,0.0257881414145231,,,,,,,,,,,,
20210512.0,0.0333677902817726,0.1478737294673919,,,,,,,,,,,,,,,,,
20210513.0,0.0320013239979743,0.1772201359272003,0.0343358553946018,0.0495205223560333,0.0462251976132392,,0.0271309558302164,10.0,0.2253517508506775,1.2161247730255127,295.57135009765625,0.3323060274124145,277.0015869140625,261.7487487792969,0.0416720770299434,0.8489636778831482,200.0,0.0639990270137786,0.130291666835546
20210514.0,0.0373076237738132,0.176131784915924,,,,0.0046639451757073,0.0186468102037906,,,,,,,,,,,,
20210515.0,0.0406898856163024,0.1880401819944381,0.0459290295839309,0.065504677593708,0.0680781602859497,,,10.0,0.2253517508506775,1.2161247730255127,292.013671875,0.3537005186080932,274.6044616699219,262.237548828125,1.089929223060608,1.289933681488037,200.0,0.1238418444991111,0.123000000293056
20210516.0,0.0395532734692096,,0.0616590641438961,0.0599245503544807,0.0567516423761844,0.0314326286315918,0.0544145032763481,10.0,0.2253517508506775,1.2161247730255127,292.17352294921875,0.3645128011703491,276.100830078125,260.6601867675781,0.1328516900539398,1.2452329397201538,200.0,0.083151564002037,0.12013043495624
20210517.0,0.0389520637691021,0.1901328861713409,,,,,,,,,,,,,,,,,
20210518.0,0.0343045741319656,0.1766410022974014,0.0390902422368526,0.0550473816692829,0.0494401380419731,,0.0159916989505291,10.0,0.2253517508506775,1.2161247730255127,294.9564208984375,0.3863674402236938,278.491943359375,261.9138488769531,0.0008583068847656,0.9890215396881104,200.0,0.0473716557025909,0.113499999667207
20210519.0,0.032097578048706,0.1567754745483398,,,,0.0172398574650287,0.0234687346965074,,,,,,,,,,,,
20210527.0,0.1684678494930267,0.2061292678117752,,,,,0.0518509484827518,,,,,,,,,,,,
20210528.0,0.1196942180395126,0.2007941752672195,,,,,,,,,,,,,,,,,
20210529.0,0.0800256058573722,0.1880752742290496,0.0685524865984916,0.0853993445634841,0.0808818712830543,0.0300602093338966,0.048707541078329,10.0,0.2253517508506775,1.2161247730255127,290.2901916503906,0.4829761385917663,272.0889587402344,257.1874389648437,0.0,2.7368979454040527,200.0,0.188200756907463,0.165791667997837
20210530.0,0.052739817649126,0.171633169054985,,,,,,,,,,,,,,,,,
20210531.0,0.0368483550846576,0.1683777421712875,0.0564414262771606,0.066698357462883,0.0693966224789619,,0.0448927283287048,10.0,0.2253517508506775,1.2161247730255127,297.54547119140625,0.4918940663337707,276.0546875,263.7187805175781,0.0,1.31295645236969,200.0,0.117253765463829,0.145541666696469
20210601.0,0.0307884328067302,0.1633809804916381,0.0777835100889206,0.0619268603622913,0.0654438063502311,,0.0032349620014429,10.0,0.2253517508506775,1.2161247730255127,300.61602783203125,0.4963697791099548,278.1571655273437,265.8599853515625,0.0012713478645309,0.9195749163627625,200.0,0.0869868621230125,0.137374999622504
20210602.0,0.0292091555893421,0.1753056496381759,,,,,,,,,,,,,,,,,
20210603.0,0.0290233232080936,0.173401653766632,0.0490091852843761,0.070920430123806,0.0730301067233085,0.0186928082257509,0.0357982106506824,10.0,0.2253517508506775,1.2161247730255127,304.8298034667969,0.505354642868042,280.1007080078125,267.59014892578125,0.0547538176178932,0.877461850643158,200.0,0.0627265125513076,0.120791666520139
20210604.0,0.0296678189188241,0.1686487346887588,,,,,,,,,,,,,,,,,
20210605.0,0.0308924745768308,0.1566953808069229,,,,,0.0229194015264511,,,,,,,,,,,,
20210606.0,0.0296819135546684,0.1298355907201767,0.0294157899916172,0.0620227716863155,0.0657593309879303,0.0108763948082923,0.015137180685997,10.0,0.2253517508506775,1.2161247730255127,297.1465759277344,0.5189157724380493,279.8939819335937,267.67529296875,0.0,0.9194154739379884,200.0,0.0665178447961807,0.0929166665300727
20210607.0,0.0296779908239841,0.1332952231168747,,,,,,,,,,,,,,,,,
20210608.0,0.0298407524824142,0.1302288472652435,0.0401727110147476,0.05556420981884,0.0549372173845768,0.0248201768845319,0.0380260646343231,10.0,0.2253517508506775,1.2161247730255127,294.3615417480469,0.527762234210968,279.4613037109375,265.180908203125,0.000435113790445,0.7911229133605957,200.0,0.046571772545576,0.0774166667833924
20210609.0,0.0301513820886611,0.1271267533302307,0.0519020222127437,0.0598558522760868,0.0594715103507041,,,10.0,0.2253517508506775,1.2161247730255127,293.1291198730469,0.5332038998603821,277.8707275390625,263.744140625,0.0079413270577788,0.7490563988685608,200.0,0.0591153390705585,0.0697083336611589
20210611.0,0.0444992147386074,,0.0874121785163879,,,0.0550423525273799,0.0680867955088615,10.0,0.2253517508506775,1.2161247730255127,290.28643798828125,0.5346670150756836,269.6864624023437,249.1395568847656,0.0,1.481589436531067,200.0,0.1085631698369979,0.08260000012815
20210612.0,0.0538857914507389,0.1394453644752502,,,,,,,,,,,,,,,,,
20210613.0,0.0452806316316127,0.1491029411554336,,,,0.0214370675384998,0.0303964354097843,,,,,,,,,,,,
20210614.0,0.0331293977797031,0.1411860883235931,0.041677888482809,0.0547258891165256,0.0489720553159713,,,10.0,0.2253517508506775,1.2161247730255127,298.1197509765625,0.5247303247451782,281.7162475585937,264.9040222167969,0.000312593212584,0.985499620437622,200.0,0.0307502653449773,0.0633333334699273
20210615.0,0.030017664656043,0.1441746354103088,,,,,,,,,,,,,,,,,
20210616.0,0.0291994400322437,0.1206609234213829,0.0358462408185005,0.0558422841131687,0.0482145473361015,0.0151433674618601,0.0260017700493335,10.0,0.2253517508506775,1.2161247730255127,298.0185241699219,0.5185497999191284,280.940185546875,263.3064270019531,0.0008523463038727,0.7864395380020142,200.0,0.0283327605575323,0.0423749998832742
20210617.0,0.0283521115779876,0.1426768153905868,0.0560440979897975,0.0585344135761261,0.053349819034338,,,10.0,0.2253517508506775,1.2161247730255127,302.6015930175781,0.5154672265052795,281.5076904296875,264.7940979003906,0.0021427869796752,0.7351609468460083,200.0,0.0266916118562221,0.032458333298564
20210618.0,0.0279169492423534,0.1422826647758484,,,,,0.019653920084238,,,,,,,,,,,,
20210619.0,0.0278410091996192,0.1291434913873672,0.0353962779045105,0.0577042698860168,0.0622296184301376,,0.000427259132266,10.0,0.2253517508506775,1.2161247730255127,304.7776794433594,0.5093175768852234,282.5841064453125,270.4501342773437,0.0012839790433645,0.7666433453559875,200.0,0.0335442908108234,0.0178333332684512
20210620.0,0.0277861505746841,0.1327961981296539,,,,,,,,,,,,,,,,,
20210621.0,0.0277261342853307,0.1393441557884216,,,,0.0230876579880714,0.0332041382789611,,,,,,,,,,,,
20210622.0,0.0290028601884841,0.1436989903450012,0.0382341332733631,0.0592587068676948,0.0572177842259407,,,10.0,0.2253517508506775,1.2161247730255127,303.4906921386719,0.5001319646835327,285.55291748046875,270.1900634765625,0.2017855942249298,0.8490315675735474,200.0,0.0111057041212916,0.0041363636264577
20210623.0,0.0289447586983442,0.1472942233085632,,,,,0.0346079915761947,,,,,,,,,,,,
20210624.0,0.0284114237874746,0.1448225528001785,0.0463035181164741,0.0710384771227836,0.0679461285471916,0.0166843738406896,0.0238959938287735,10.0,0.2253517508506775,1.2161247730255127,302.51434326171875,0.4939783215522766,281.78387451171875,266.35772705078125,0.0617282427847385,0.811863362789154,200.0,0.0271990243345499,0.0011363636797548
20210625.0,0.0285605303943157,0.1312788128852844,0.0567615963518619,0.0609763748943805,0.0556245930492877,,,10.0,0.2253517508506775,1.2161247730255127,302.5542907714844,0.4911317229270935,284.063720703125,266.9620361328125,0.0421510711312294,0.7933982610702515,200.0,0.0137886013835668,0.0005714285763956
20210626.0,0.027958346530795,0.1355315744876861,,,,0.0214103274047374,0.0366527289152145,,,,,,,,,,,,
20210627.0,0.0277686826884746,0.1412533223628997,0.0407580584287643,0.0602618306875228,0.0568742379546165,,,10.0,0.2253517508506775,1.2161247730255127,304.70538330078125,0.4833682179450989,284.97930908203125,268.9115600585937,0.0,0.7074418663978577,200.0,0.0103633282706141,0.0002083333383779
20210628.0,0.0276827905327081,0.1312870979309082,,,,,,,,,,,,,,,,,
20210629.0,0.0275866817682981,0.1394177228212356,,,,0.01878740824759,0.025360882282257,,,,,,,,,,,,
20210630.0,0.0276673249900341,0.1137317568063736,0.0328190550208091,0.0541344806551933,0.0494210422039032,,,10.0,0.2253517508506775,1.2161247730255127,306.6835632324219,0.4691248536109924,288.167236328125,271.3544311523437,0.3219333589076996,0.748690664768219,200.0,0.0067331725731492,0.0
20210701.0,0.038489494472742,0.1480299979448318,,,,0.0330724120140075,0.0398571752011776,,,,,,,,,,,,
20210702.0,0.0289582181721925,0.1362228393554687,0.0473148562014102,0.0637114495038986,0.0583907403051853,,,10.0,0.2253517508506775,1.2161247730255127,306.5160827636719,0.4597843289375305,285.0108337402344,267.75689697265625,0.0125428028404712,0.9674882888793944,200.0,0.011754497885704,0.0
20210703.0,0.0281435325741767,0.1369328945875167,0.0681719109416008,0.0724344179034233,0.0677693262696266,,,10.0,0.2253517508506775,1.2161247730255127,307.8981628417969,0.4551329314708709,284.2822570800781,267.66412353515625,0.1392172574996948,0.8692219257354736,200.0,0.0132677722722291,0.0
20210704.0,0.0434118881821632,0.1343049705028534,,,,0.0191306248307228,0.0282906591892242,,,,,,,,,,,,
20210705.0,0.0457975827157497,0.1370028555393219,0.0513232611119747,,,,,,,,,,,,,,,,
20210706.0,0.0295228958129882,0.1231250762939453,,,,0.0170374829322099,0.0326548069715499,,,,,,,,,,,,
20210707.0,0.0276010408997535,0.1181028336286544,,,,,0.0155949583277106,,,,,,,,,,,,
20210708.0,0.0274426154792308,0.1002619266510009,0.0395388901233673,0.0563803575932979,0.0537446029484272,,,10.0,0.2253517508506775,1.2161247730255127,304.7337646484375,0.4320645332336426,286.3160705566406,270.5518493652344,0.0004401270416565,0.7485936880111694,200.0,0.0075917756184935,0.0
20210709.0,0.0274269729852676,0.1075973957777023,,,,0.0189275424927473,0.0301828067749738,,,,,,,,,,,,
20210710.0,0.0272775255143642,0.1161944270133972,0.0390703082084655,0.0571188107132911,0.0544448606669902,,,10.0,0.2253517508506775,1.2161247730255127,307.9256896972656,0.4229025244712829,287.2234191894531,271.4119567871094,0.0283920131623744,0.7007372379302979,200.0,0.0066530941985547,0.0
20210711.0,0.0287313256412744,0.1142293736338615,0.0551460124552249,0.0633340701460838,0.0594055503606796,,0.0267036966979503,10.0,0.2253517508506775,1.2161247730255127,307.0287170410156,0.4184306263923645,287.27392578125,270.6990051269531,0.1298219114542007,0.8453094363212585,200.0,0.0066938931122422,0.0
20210712.0,0.0273744445294141,0.1149898022413253,,,,0.0059708515182137,0.0122684407979249,,,,,,,,,,,,
20210713.0,0.0272568706423044,0.100038506090641,0.0373646095395088,0.0584927685558795,0.0590695850551128,,,10.0,0.2253517508506775,1.2161247730255127,306.84552001953125,0.4086800813674927,287.2255859375,273.0670166015625,0.0017136334208771,0.7162786722183228,200.0,0.0065290061756968,0.0
20210714.0,0.0272086467593908,0.0948004722595214,,,,0.0220594238489866,0.0353404358029365,,,,,,,,,,,,
20210715.0,0.0272793974727392,0.1015351042151451,,,,,,,,,,,,,,,,,
20210716.0,0.0273435432463884,0.1242727935314178,0.0343473367393016,0.0552318356931209,0.0564473047852516,,,10.0,0.2253517508506775,1.2161247730255127,304.1640625,0.3930884599685669,286.0631103515625,272.1634521484375,0.0008523463038727,0.7001986503601074,200.0,0.0078860204666852,0.0
20210717.0,0.0273783057928085,0.0923226550221443,,,,0.0214185751974582,0.0244148075580596,,,,,,,,,,,,
20210718.0,0.0273866076022386,0.0948960781097412,0.0362038761377334,0.0474614650011062,0.0430858954787254,,,10.0,0.2253517508506775,1.2161247730255127,304.01251220703125,0.3828147351741791,287.67626953125,271.28814697265625,0.0017106531886383,0.6236287355422974,200.0,0.0055043422617018,0.0
20210719.0,0.028552496805787,0.1106056123971939,0.0487844981253147,0.0540656484663486,0.055441603064537,0.0222967080771923,0.0270088817924261,10.0,0.2253517508506775,1.2161247730255127,305.62799072265625,0.3777028620243072,287.1832580566406,273.32470703125,1.299734354019165,0.7905516028404236,200.0,0.0110348565503954,0.0
20210720.0,0.0461137741804122,0.1707106530666351,,,,,,,,,,,,,,,,,
20210721.0,0.0341411530971527,0.1433617919683456,0.0481039248406887,0.0713366717100143,0.0656392872333526,,,10.0,0.2253517508506775,1.2161247730255127,301.2935485839844,0.3675292730331421,283.2568054199219,265.8197631835937,0.1050902903079986,1.2474383115768433,200.0,0.0227860324084758,0.0
20210722.0,0.028121992945671,0.0924424678087234,,,,0.0202061589807271,0.0316171757876873,,,,,,,,,,,,
20210723.0,0.0273951571434736,0.105998009443283,,,,,,,,,,,,,,,,,
20210724.0,0.0271970145404338,0.1087046116590499,0.0345527455210685,0.0518740080296993,0.0510084107518196,0.018247490748763,0.0268868077546358,10.0,0.2253517508506775,1.2161247730255127,305.6991577148437,0.3523938953876495,286.3822021484375,271.412353515625,0.0008583068847656,0.7277186512947083,200.0,0.0065745064057409,0.0
20210725.0,0.0271224156022071,0.1040528863668441,,,,,0.0243537705391645,,,,,,,,,,,,
20210726.0,0.0271525364369153,0.1053696647286415,0.0392130203545093,0.0530938915908336,0.0495161265134811,,,10.0,0.2253517508506775,1.2161247730255127,306.5226135253906,0.3424866795539856,287.7525634765625,271.35235595703125,0.0023189519997686,0.5823469758033752,200.0,0.0054059205576777,0.0
20210727.0,0.0272520501166582,0.119344837963581,0.0549822933971881,0.0480314530432224,0.0428322441875934,0.0223001278936862,0.0375072471797466,10.0,0.2253517508506775,1.2161247730255127,305.7874755859375,0.3371603488922119,287.842041015625,270.7261962890625,0.0097831096500158,0.6236495971679688,200.0,0.0050673834048211,0.0
20210728.0,0.0278834532946348,0.1144031584262847,,,,,,,,,,,,,,,,,
20210729.0,0.0273773781955242,0.1122915521264076,0.0379582494497299,0.0537304244935512,0.0503682121634483,,0.0344248786568641,10.0,0.2253517508506775,1.2161247730255127,303.89361572265625,0.3302809596061706,285.9530334472656,269.71795654296875,0.0012819843832403,0.6250420212745667,200.0,0.0055113472044467,0.0
20210730.0,0.0272241700440645,0.1219365820288658,,,,0.0137140844017267,0.0213934760540723,,,,,,,,,,,,
20210731.0,0.0291953403502702,0.1410123854875564,,,,,,,,,,,,,,,,,
20210801.0,0.0389380678534507,0.1430584192276001,0.0605273582041263,0.0667159557342529,0.059484876692295,0.0418924316763877,0.0589617602527141,10.0,0.2253517508506775,1.2161247730255127,302.3842468261719,0.3247867226600647,284.1054077148437,265.14080810546875,0.9756776094436646,1.4978132247924805,200.0,0.0187323801219463,0.0
20210802.0,0.0420883856713771,0.1793101131916046,,,,,,,,,,,,,,,,,
20210803.0,0.0305032916367054,0.1526216715574264,0.0589981451630592,0.0782157927751541,0.072389006614685,,0.0690939053893089,10.0,0.2253517508506775,1.2161247730255127,303.2060852050781,0.3209716975688934,282.0594482421875,265.17694091796875,0.0107081439346075,0.8738649487495422,200.0,0.0197604410350322,0.0
20210804.0,0.027540611103177,0.1239984109997749,0.0592691712081432,0.0630064159631729,0.0635957345366478,0.0313419960439205,0.035981323570013,10.0,0.2253517508506775,1.2161247730255127,304.6377868652344,0.319067895412445,284.0146484375,270.1962280273437,0.0,0.6054592728614807,200.0,0.0111148012802004,0.0
20210805.0,0.0284360125660896,0.1193564161658287,,,,,,,,,,,,,,,,,
20210806.0,0.0279913563281297,0.094627246260643,0.0398239232599735,0.0612517856061458,0.0607646703720092,0.0239721424877643,0.032319102436304,10.0,0.2253517508506775,1.2161247730255127,299.7756042480469,0.3152679204940796,283.5911865234375,269.0961303710937,0.0008553265943191,0.6798235177993774,200.0,0.0120544154196977,0.0
20210807.0,0.0274642426520586,0.1034362614154815,,,,,,,,,,,,,,,,,
20210808.0,0.0273012891411781,0.1026269942522049,,,,,,,,,,,,,,,,,
20210809.0,0.0299825780093669,0.1101719066500663,0.0412391200661659,0.0566860437393188,0.0504533872008323,0.0253811106085777,0.0301522873342037,10.0,0.2253517508506775,1.2161247730255127,300.9241638183594,0.3095867037773132,283.8725280761719,266.0000305175781,0.0008523463620804,0.8326797485351562,200.0,0.0118330502882599,0.0
20210810.0,0.0273925047367811,0.100909948348999,,,,,,,,,,,,,,,,,
20210811.0,0.0271160025149583,0.1018981710076332,0.0454893745481967,0.0556007176637649,0.0511943623423576,0.0207915604114532,0.0280159916728734,10.0,0.2253517508506775,1.2161247730255127,304.130859375,0.3057628273963928,284.5784606933594,267.8045349121094,0.0017163177253678,0.5652016401290894,200.0,0.0069923265837132,0.0
20210812.0,0.028769688680768,0.1189667209982872,0.0579359270632267,0.0502642914652824,0.0467029474675655,,0.0231025125831365,10.0,0.2253517508506775,1.2161247730255127,305.5933532714844,0.3040500581264496,286.8768920898437,270.5639953613281,0.1857833117246627,0.6416120529174805,200.0,0.005773608572781,0.0
20210813.0,0.0413913764059543,0.1287761181592941,,,,,,,,,,,,,,,,,
20210814.0,0.0320105664432048,0.1207989007234573,0.042547807097435,0.0622953437268734,0.0585793405771255,0.0259567983448505,0.0412305071949958,10.0,0.2253517508506775,1.2161247730255127,303.9005126953125,0.2987989783287048,285.6429138183594,269.11822509765625,0.0046394127421081,1.0260449647903442,200.0,0.008750045672059,0.0
20210815.0,0.0288828536868095,0.1193859949707984,,,,,,,,,,,,,,,,,
20210816.0,0.0275200437754392,0.1191446334123611,,,,,0.0375072471797466,,,,,,,,,,,,
20210817.0,0.0277602784335613,0.1247679740190506,0.0445770919322967,0.0616069473326206,0.0574975572526454,0.0243896152824163,0.0240180678665637,10.0,0.2253517508506775,1.2161247730255127,302.1539611816406,0.288617730140686,285.5140075683594,268.73712158203125,0.0369975864887237,0.5514481067657471,200.0,0.0045863445848226,0.0
20210818.0,0.0277456976473331,0.1247607320547103,,,,,,,,,,,,,,,,,
20210819.0,0.0291871447116136,0.1010964140295982,0.0419079773128032,0.0567960143089294,0.0557754784822464,0.0313284359872341,0.039704579859972,10.0,0.2253517508506775,1.2161247730255127,292.7413330078125,0.2819516658782959,279.9650573730469,265.2418212890625,0.0751782283186912,0.5751979351043701,200.0,0.0206122547388076,0.0
20210820.0,0.0282988771796226,0.1010713502764701,0.056314617395401,0.0490288212895393,0.046419933438301,,,10.0,0.2253517508506775,1.2161247730255127,296.3220520019531,0.2786306738853454,281.8036499023437,266.2750244140625,0.0017225742340087,0.4939781725406647,200.0,0.012298266403377,0.0
20210821.0,0.0328076183795928,0.1188343912363052,,,,,0.0382702127099037,,,,,,,,,,,,
20210822.0,0.0340579412877559,0.1183463484048843,0.0438103824853897,0.0540570393204689,0.0492654517292976,0.0271703489124774,0.0326242856681346,10.0,0.2253517508506775,1.2161247730255127,294.18121337890625,0.2720130085945129,280.5812072753906,263.8480224609375,0.000426173210144,0.9145503044128418,200.0,0.0248355623334646,0.0
20210823.0,0.0290383454412221,0.0995267033576965,,,,,,,,,,,,,,,,,
20210824.0,0.0276524648070335,0.1167543530464172,,,,0.0305035952478647,0.0403149500489234,,,,,,,,,,,,
20210825.0,0.0274966768920421,0.0996773615479469,0.0392464138567447,0.0512981712818145,0.0514776296913623,,,10.0,0.2253517508506775,1.2161247730255127,297.3656921386719,0.2621470093727112,281.28106689453125,267.0399169921875,0.0025961506180465,0.4601609408855438,200.0,0.014092800207436,0.0
20210826.0,0.0274717025458812,0.1075399667024612,,,,,,,,,,,,,,,,,
20210827.0,0.0274328850209712,0.1152475252747535,0.0409091636538505,0.0465105399489402,0.0431611351668834,0.0228184591978788,0.0304879918694496,10.0,0.2253517508506775,1.2161247730255127,297.8707275390625,0.2557483315467834,282.8214111328125,267.0350341796875,0.0017169986385852,0.4659445881843567,200.0,0.0072204172611236,0.0
20210828.0,0.0274077337235212,0.1006840914487838,0.0468882508575916,0.0492922738194465,0.0416862703859806,,,10.0,0.2253517508506775,1.2161247730255127,298.03253173828125,0.2520085573196411,283.0745849609375,265.240234375,0.000426173210144,0.483314573764801,200.0,0.0058201113715767,0.0
20210829.0,0.0273354649543762,0.1118650659918785,,,,0.0176018830388784,0.0193182174116373,,,,,,,,,,,,
20210830.0,0.0272836871445179,0.1122460439801216,,,,,0.0236518457531929,,,,,,,,,,,,
20210831.0,0.0273164622485637,0.1150159388780593,,,,,,,,,,,,,,,,,
20210901.0,0.0273186136037111,0.1433659195899963,,,,0.0231142416596412,0.0318002887070179,,,,,,,,,,,,
20210902.0,0.0273382645100355,0.1081650853157043,0.0373021513223648,0.0486702062189579,0.0445868596434593,,,10.0,0.2253517508506775,1.2161247730255127,297.44073486328125,0.2530081272125244,282.38507080078125,266.0848083496094,0.001719073858112,0.5008007884025574,200.0,0.0090481685474514,0.0
20210903.0,0.02742057479918,0.1184877008199691,,,,,0.0269478447735309,,,,,,,,,,,,
20210904.0,0.0274284482002258,0.1136387661099433,0.0392255187034606,0.0535925589501857,0.0531503297388553,0.0204532854259014,0.0212103649973869,10.0,0.2253517508506775,1.2161247730255127,296.5824279785156,0.2549639642238617,280.029541015625,265.5300598144531,0.0,0.4070274233818054,200.0,0.0152642335742712,0.0
20210905.0,0.0273616779595613,0.1162108778953552,0.0439958348870277,0.0501559637486934,0.0490830615162849,,,10.0,0.2253517508506775,1.2161247730255127,298.08758544921875,0.2559429705142975,281.2783203125,266.4296264648437,0.0,0.3903588056564331,200.0,0.0093581406399607,0.0
20210906.0,0.0272821094840765,,,,,0.0256122071295976,0.0341807305812835,,,,,,,,,,,,
20210907.0,0.0271798688918352,0.1070818305015564,0.0357515551149845,0.0546359904110431,0.0523920021951198,,,10.0,0.2253517508506775,1.2161247730255127,300.4557189941406,0.257903128862381,282.3814697265625,266.8270874023437,0.0,0.4117672741413116,200.0,0.0072567998431622,0.0
20210908.0,0.027153642848134,0.1245246902108192,,,,,0.0218817722052335,,,,,,,,,,,,
20210909.0,0.0273050051182508,0.1324152052402496,,,,0.0215371008962392,0.0248420666903257,,,,,,,,,,,,
20210910.0,0.0415063388645648,0.1648245751857757,0.0732055976986885,0.1066159456968307,0.0963206887245178,,,10.0,0.2253517508506775,1.2161247730255127,296.0325927734375,0.2608488798141479,276.72003173828125,260.4061584472656,4.502501964569092,1.145110249519348,200.0,0.0433418415486812,0.0321250002210339
20210911.0,0.0738134011626243,0.224107414484024,,,,0.1490727514028549,0.1743217259645462,,,,,,,,,,,,
20210912.0,0.0504790991544723,0.1993287056684494,0.1083583757281303,0.1342802494764328,0.1158710196614265,,,10.0,0.2253517508506775,1.2161247730255127,294.0873413085937,0.262729287147522,267.7812805175781,247.35406494140625,9.006932668853551e-05,1.543729543685913,200.0,0.0980025008320808,0.0702500004942219
20210913.0,0.0359601005911827,0.18419049680233,0.087214320898056,0.1005521044135093,0.0914363116025924,,,10.0,0.2253517508506775,1.2161247730255127,295.014892578125,0.2640190422534942,273.8507385253906,256.13970947265625,0.0021517276763916,0.973282277584076,200.0,0.0707045197486877,0.0593750001862645
20210914.0,0.0296437144279479,0.1430170685052871,,,,0.0396824739873409,0.0473647266626358,,,,,,,,,,,,
20210915.0,0.0279468782246112,0.1341730952262878,0.0442767105996608,0.066142551600933,0.0630798414349556,,,10.0,0.2253517508506775,1.2161247730255127,296.1151428222656,0.2633196711540222,279.0723876953125,263.4273681640625,0.0017225742340087,0.4307091534137726,200.0,0.0192317645996809,0.0471250000409782
20210916.0,0.0276090912520885,0.1391518414020538,,,,0.0267145745456218,0.0218207351863384,,,,,,,,,,,,
20210917.0,0.027667885646224,0.1268884688615799,,,,,0.0224311053752899,,,,,,,,,,,,
20210918.0,0.0276730451732873,0.1334021538496017,0.0445572845637798,0.0615139864385128,0.0600085631012916,,,10.0,0.2253517508506775,1.2161247730255127,292.8714599609375,0.2580605149269104,278.5602111816406,263.67694091796875,0.0137806069105863,0.4025287926197052,200.0,0.0165858007967472,0.0362608696779479
20210920.0,0.0587428323924541,,0.0659947171807289,0.094972550868988,0.0866521075367927,,,10.0,0.2253517508506775,1.2161247730255127,285.8179016113281,0.2547101676464081,270.649658203125,252.8158264160156,0.0,1.3488078117370603,200.0,0.1056408062577247,0.0628947364656549
20210921.0,0.0454162769019603,0.1420129835605621,0.0656249374151229,0.076689101755619,0.0708488300442695,,0.0368968769907951,10.0,0.2253517508506775,1.2161247730255127,288.490966796875,0.2530381679534912,273.2455139160156,256.6083374023437,0.0008523463038727,1.0197210311889648,200.0,0.0814739689230918,0.0604166664804021
20210922.0,0.0360538065433502,0.1404786705970764,,,,0.0149848815053701,0.0221564378589391,,,,,,,,,,,,
20210923.0,0.0329986400902271,0.142106294631958,0.0466678962111473,0.0645417869091034,0.0588171407580375,,,10.0,0.2253517508506775,1.2161247730255127,291.2323608398437,0.2497005760669708,276.87628173828125,259.52862548828125,0.0012874043313786,0.6027469635009766,200.0,0.0300881955772638,0.0529130431620971
20210924.0,0.0299659613519907,0.1345473378896713,,,,0.0321104004979133,0.0395519882440567,,,,,,,,,,,,
20210925.0,0.0285196490585804,0.148826390504837,,,,,,,,,,,,,,,,,
20210926.0,0.0279043596237897,0.1356010735034942,0.0406719855964183,0.0627908036112785,0.0595263950526714,,0.0251472517848014,10.0,0.2253517508506775,1.2161247730255127,293.32916259765625,0.2447101920843124,277.7909545898437,261.946533203125,0.0004231928905937,0.3306494057178497,200.0,0.0148595543578267,0.0419565218946208
20210927.0,0.027854086831212,0.1302900612354278,,,,0.0219953712075948,0.0297250282019376,,,,,,,,,,,,
20210930.0,0.0627177953720092,,,,,,0.0279244370758533,,,,,,,,,,,,
20211001.0,0.0492611080408096,,0.0570851378142833,0.0803684666752815,0.0762490779161453,,,10.0,0.2253517508506775,1.2161247730255127,286.834716796875,0.2364326566457748,271.0263671875,256.28338623046875,0.0017225742340087,1.0284912586212158,200.0,0.1251081079244613,0.0951250003029903
20211002.0,0.0389956273138523,0.1441038846969604,,,,0.0345682427287101,0.0424512475728988,,,,,,,,,,,,
20211003.0,0.0329780019819736,0.1379066705703735,,,,,,,,,,,,,,,,,
20211004.0,0.0301447194069623,,0.0436936505138874,0.0643611773848533,0.0644423887133598,0.0220006164163351,0.0229194015264511,10.0,0.2253517508506775,1.2161247730255127,290.02496337890625,0.2314842939376831,274.8990478515625,261.08612060546875,0.0,0.3718335628509521,200.0,0.0365449748933315,0.071000000461936
20211005.0,0.0290546063333749,0.1377143412828445,,,,,0.0175786614418029,,,,,,,,,,,,
20211006.0,0.0287543702870607,,0.0428152345120906,0.0562199838459491,0.0512229353189468,,,10.0,0.2253517508506775,1.2161247730255127,288.1767883300781,0.2281962037086486,276.7032470703125,259.8583984375,0.0280628688633441,0.3188229203224182,200.0,0.0181053802371025,0.0582499994585911
20211007.0,0.0304288994520902,,0.0591806769371032,0.0605114847421646,0.0551235899329185,0.0330296866595745,0.0381786562502384,10.0,0.2253517508506775,1.2161247730255127,285.7818603515625,0.2265553474426269,275.1557006835937,258.1718139648437,0.4369861483573913,0.3266544640064239,200.0,0.0296873655170202,0.0539130435689636
20211008.0,0.0887199565768241,0.2313630133867263,,,,,,,,,,,,,,,,,
20211010.0,0.1000143140554428,0.2089216262102127,,,,0.0924824699759483,0.1048921197652816,,,,,,,,,,,,
20211016.0,0.0919301956892013,,,,,,,,,,,,,,,,,,
20211017.0,0.0799320116639137,,0.0653734728693962,0.0838945731520652,0.0775238499045372,0.0447769127786159,0.0553605780005455,10.0,0.2253517508506775,1.2161247730255127,281.06646728515625,0.2127217352390289,266.7154846191406,250.80987548828125,0.0017106533050537,1.0226432085037231,200.0,0.1361272484064102,0.114684209619698
20211020.0,0.1127901002764701,0.2256954163312912,0.1574446111917495,0.1500672101974487,0.1295447349548339,0.1188882812857627,0.1514633595943451,10.0,0.2253517508506775,1.2161247730255127,279.3944702148437,0.2161148786544799,254.6253204345703,229.1025848388672,0.0368823707103729,0.8643131852149963,200.0,0.1512749046087265,0.132473682886676
20211021.0,0.112512819468975,0.2229499816894531,,,,,,,,,,,,,,,,,
20211022.0,0.1259578317403793,0.2117931246757507,0.1200958415865898,,,0.0843674167990684,0.1057771518826484,10.0,0.2253517508506775,1.2161247730255127,281.744140625,0.2182358205318451,264.9993896484375,239.82150268554688,7.629179000854492,0.946626603603363,200.0,0.0606537759304046,0.172608695600344
20211028.0,0.340115875005722,0.2509213089942932,0.2098740935325622,0.1994035542011261,0.1677863299846649,0.188942864537239,0.232062742114067,10.0,0.2253517508506775,1.2161247730255127,279.4867553710937,0.2246204316616058,244.4465789794922,216.93423461914065,0.0008642673492431,1.1652474403381348,200.0,0.2261454612016677,0.189652174711227
20211029.0,0.325876384973526,0.2513546049594879,,,,,,,,,,,,,,,,,
20211030.0,0.3123660683631897,0.2342839390039444,0.1829304546117782,0.1842850446701049,0.1501524597406387,0.1697525978088379,0.1900692731142044,10.0,0.2253517508506775,1.2161247730255127,281.9283447265625,0.2267028838396072,250.1346740722656,220.2515563964844,2.100914001464844,1.183957815170288,200.0,0.1196567863225936,0.181833333025376
20211031.0,0.322832852602005,0.2321419864892959,0.1825226098299026,0.1861863881349563,0.1554678231477737,,,10.0,0.2253517508506775,1.2161247730255127,279.8446350097656,0.2279576063156128,249.7174224853516,221.352783203125,0.0698387771844863,1.3413934707641602,200.0,0.1760605871677398,0.173125000049671
20211101.0,0.3056244850158691,0.2255895435810089,,,,,0.1331827789545059,,,,,,,,,,,,
20211102.0,0.3166012167930603,0.2330029606819152,0.2007900327444076,0.1877077966928482,0.1610840260982513,0.1567127257585525,0.1843623220920562,10.0,0.2253517508506775,1.2161247730255127,279.9319152832031,0.2284713089466095,245.71148681640625,219.5426177978516,0.9287201762199402,1.0170634984970093,200.0,0.2108635008335113,0.176652174281037
20211103.0,0.3034832775592804,0.2325237244367599,,,,,,,,,,,,,,,,,
20211104.0,0.2906963527202606,0.2267015874385833,,,,0.129892960190773,0.1466109156608581,,,,,,,,,,,,
20211105.0,0.2797918915748596,0.2161832302808761,0.1536371111869812,0.1433542072772979,0.1258963942527771,,,10.0,0.2253517508506775,1.2161247730255127,277.293212890625,0.2266710847616195,254.84735107421875,230.3968505859375,0.0008523463620804,1.0782171487808228,200.0,0.1638995110988617,0.146125001211961
20211109.0,0.2870126664638519,,,,,0.0946223437786102,0.1213721111416816,,,,,,,,,,,,
20211112.0,0.2985599637031555,0.2164122015237808,,,,0.0883329212665557,0.1164891496300697,,,,,,,,,,,,
20211113.0,0.2886435389518738,,0.1244786903262138,0.1218652725219726,0.1068652719259262,,,10.0,0.2253517508506775,1.2161247730255127,279.05194091796875,0.2222350835800171,258.9937438964844,235.31524658203125,0.0017136335372924,0.889762818813324,200.0,0.1254036575555801,0.126083333355685
20211114.0,0.2785274386405945,0.207672119140625,,,,,0.0962553769350051,,,,,,,,,,,,
20211115.0,0.2701632678508758,0.2075072824954986,0.1198783218860626,0.1197135969996452,0.1065623685717582,,0.0843836814165115,10.0,0.2253517508506775,1.2161247730255127,278.71417236328125,0.2210980653762817,259.7372741699219,237.37603759765625,0.000435113790445,0.653680145740509,200.0,0.1232883930206298,0.121458333916962
20211118.0,,,,0.1027006432414054,0.092992678284645,,,,,,,,,,,,,,
20220312.0,0.3284445703029632,,,,,,,,,,,,,,,,,,
20220323.0,0.2761115133762359,0.2343325018882751,0.1126738041639328,,,0.075487770140171,0.093173012137413,10.0,0.2253517508506775,1.2161247730255127,280.40655517578125,0.1154599487781524,257.8484802246094,235.7108154296875,0.0017195938853546,2.289058446884156,200.0,0.1895900815725326,0.23957142659596
20220324.0,0.2546934485435486,0.2343181818723678,0.1164795234799385,,,,,10.0,0.2253517508506775,1.2161247730255127,282.3880310058594,0.1170730963349342,259.78472900390625,237.741439819336,0.0017144891899079,2.503928899765014,200.0,0.1843582391738891,0.254208333169421
20220325.0,0.2338044792413711,,,,,,0.0805688649415969,,,,,,,,,,,,
20220326.0,0.2124153077602386,,0.0844744071364402,,,0.0347797572612762,0.0525833927094936,10.0,0.2253517508506775,1.2161247730255127,282.63092041015625,0.1240847408771514,262.9148864746094,243.1407165527344,0.0,2.5952603816986084,200.0,0.1912311613559723,0.263958333060145
20220327.0,0.195368006825447,0.2150076329708099,,,,,,,,,,,,,,,,,
20220328.0,0.1934733688831329,0.2199504673480987,,,,0.0533186383545398,0.07565538585186,,,,,,,,,,,,
20220330.0,0.2326537370681762,0.2519194483757019,,,,,0.0951567143201828,,,,,,,,,,,,
20220402.0,0.184704452753067,,,,,0.0488075576722621,0.0690023526549339,,,,,,,,,,,,
20220403.0,0.1661920845508575,,0.0636026784777641,0.0921735689043998,0.085278183221817,,,10.0,0.2253517508506775,1.2161247730255127,279.26336669921875,0.1506596952676773,263.1678161621094,247.43475341796875,0.0008523463038727,2.133756160736084,200.0,0.215624138712883,0.2304000005126
20220404.0,0.1524894386529922,,,,,,,,,,,,,,,,,,
20220407.0,0.1213238984346389,,,,,0.024422412738204,0.0344553962349891,,,,,,,,,,,,
20220408.0,0.1046474575996398,,0.0580824464559555,0.078071229159832,0.0710342675447464,,0.0188299212604761,10.0,0.2253517508506775,1.2161247730255127,284.83026123046875,0.1686336994171142,267.817138671875,250.63771057128903,0.1215299069881439,1.9828894138336184,200.0,0.1669136434793472,0.251652174021887
20220418.0,0.2114011645317077,,,,,0.0387297868728637,0.0475173182785511,,,,,,,,,,,,
20220425.0,0.1590869724750518,,0.070418544113636,0.073481373488903,0.0697674080729484,0.0267765372991561,0.0381176173686981,10.0,0.2253517508506775,1.2161247730255127,282.32666015625,0.2667106091976166,266.6065368652344,251.59310913085932,0.0016285324236378,2.536512851715088,200.0,0.2237756252288818,0.223849998414516
20220426.0,0.1375442594289779,,,,,,0.019623402506113,,,,,,,,,,,,
20220427.0,0.1193381771445274,,0.0543835945427417,0.0771377459168434,0.0714232847094535,,,10.0,0.2253517508506775,1.2161247730255127,283.8597106933594,0.2945220172405243,268.1810302734375,251.956298828125,0.0021517276763916,2.47875714302063,200.0,0.1967102587223053,0.261130434015523
20220430.0,0.0869905427098274,0.1934576481580734,0.0481087453663349,0.0666344091296196,0.066165842115879,,0.0291146580129861,10.0,0.2253517508506775,1.2161247730255127,285.0599670410156,0.3377628028392792,268.64910888671875,254.9969482421875,2.046958446502685,1.5796164274215698,200.0,0.1868034303188324,0.237499997019768
20220502.0,0.1138640418648719,0.2282983064651489,0.1014771908521652,0.1130642667412757,0.1014501675963401,,,10.0,0.2253517508506775,1.2161247730255127,282.0520324707031,0.3673122823238373,261.9366455078125,242.01058959960932,0.744791567325592,1.8282246589660645,200.0,0.173993319272995,0.220949999243021
20220504.0,0.0908755734562873,,,,,,,,,,,,,,,,,,
20220505.0,0.0706358850002288,0.2033658176660537,0.0603961832821369,0.0700605064630508,0.0676890537142753,,0.0397961363196373,10.0,0.2253517508506775,1.2161247730255127,286.7823181152344,0.4127199649810791,270.3119201660156,255.7579345703125,0.0510010346770286,1.4549763202667236,200.0,0.1693252921104431,0.190333333487312
20220506.0,0.0644418820738792,,,,,0.0222399272024631,0.0354319885373115,,,,,,,,,,,,
20220514.0,0.0900246948003768,,,,,,,,,,,,,,,,,,
20220515.0,0.0672744736075401,0.203771710395813,,,,,,,,,,,,,,,,,
20220516.0,0.0504092201590538,0.2028273791074752,0.0596437416970729,0.0714209824800491,0.0663476213812828,0.0154182510450482,0.0280465111136436,10.0,0.2253517508506775,1.2161247730255127,292.2294006347656,0.4710597693920135,273.59423828125,257.28240966796875,0.000435113790445,1.5046000480651855,200.0,0.1163531690835952,0.152208333835006
20220517.0,0.0411960184574127,0.1906588524580001,,,,,,,,,,,,,,,,,
20220518.0,0.0348859876394271,0.1773591488599777,,,,0.0087790945544838,0.0159916989505291,,,,,,,,,,,,
20220519.0,0.0334146693348884,0.185034230351448,0.058110062032938,0.0632048398256301,0.0626207590103149,,0.0025330362841486,10.0,0.2253517508506775,1.2161247730255127,292.175048828125,0.4692517518997192,275.63348388671875,261.5882263183594,0.0,0.843020498752594,200.0,0.0923171266913414,0.132874999816219
20220521.0,0.0353023223578929,,0.0361797735095024,0.0477822087705135,0.0453242473304271,0.0208482351154088,0.0297860652208328,10.0,0.2253517508506775,1.2161247730255127,287.6790771484375,0.4680473804473877,273.83184814453125,259.3214111328125,0.0513881556689739,0.8637868762016296,200.0,0.0955984964966774,0.122571428971631
20220522.0,0.034259520471096,,,,,,,,,,,,,,,,,,
20220523.0,0.0327776186168193,0.1761720478534698,,,,,0.0272225104272365,,,,,,,,,,,,
20220524.0,0.0314280204474926,0.1652292609214782,0.041827131062746,0.0538257136940956,0.0523544661700725,0.00354057806544,3.051850944757461e-05,10.0,0.2253517508506775,1.2161247730255127,293.4439392089844,0.4658898115158081,275.51275634765625,261.1141967773437,0.0,0.7936738133430481,200.0,0.0910642892122268,0.110000000024835
20220525.0,0.0308375116437673,0.1687835752964019,,,,,,,,,,,,,,,,,
20220526.0,0.0301274098455905,0.1629965603351593,0.0363228283822536,0.050339438021183,0.0502565614879131,0.0157581232488155,0.0269478447735309,10.0,0.2253517508506775,1.2161247730255127,298.0767517089844,0.4690118432044983,278.97821044921875,265.1009521484375,0.0510726049542427,0.666500985622406,200.0,0.0554933436214923,0.0993749999130766
20220527.0,0.0319248065352439,0.1632889956235885,0.0541888885200023,0.0600601434707641,0.0595667771995067,,,10.0,0.2253517508506775,1.2161247730255127,293.41387939453125,0.4732387661933899,277.7926330566406,263.64129638671875,0.192386582493782,0.6155917048454285,200.0,0.0463379807770252,0.091791666423281
20220528.0,0.0691698640584945,,,,,,0.171239361166954,,,,,,,,,,,,
20220601.0,0.0554000213742256,0.1667957901954651,0.0561008267104625,0.0635801330208778,0.0560319982469081,,0.0173650328069925,10.0,0.2253517508506775,1.2161247730255127,290.2713623046875,0.4918763041496277,273.0784912109375,255.5193328857422,0.0,1.8491754531860352,200.0,0.1213917508721351,0.126125000727673
20220602.0,0.0401891320943832,0.1592634618282318,,,,,,,,,,,,,,,,,
20220603.0,0.0472654365003109,0.1587691903114318,0.0438492633402347,0.0556097514927387,0.0560571961104869,0.0168399214744567,0.0257576219737529,10.0,0.2253517508506775,1.2161247730255127,293.180419921875,0.4994437098503113,276.173583984375,262.5310363769531,1.025761961936951,1.3778916597366333,200.0,0.1043312177062034,0.108416666587194
20220604.0,0.055716048926115,0.1909418106079101,0.1700740605592727,0.1796732395887375,0.1554200947284698,,,10.0,0.2253517508506775,1.2161247730255127,289.84552001953125,0.5032393932342529,256.7167663574219,232.6856689453125,2.7385475635528564,1.331221103668213,200.0,0.1022303476929664,0.138550001382828
20220605.0,0.0946932584047317,,,,,0.1478810012340545,0.2415845245122909,,,,,,,,,,,,
20220606.0,0.0936756208539009,0.1923182308673858,0.0831726938486099,0.0842670798301696,0.0761070698499679,,0.0659504979848861,10.0,0.2253517508506775,1.2161247730255127,289.1669006347656,0.5108546018600464,272.13140869140625,254.14645385742188,0.0099996719509363,2.847090244293213,200.0,0.1565068364143371,0.15466666718324
20220607.0,0.0621569640934467,0.1897630840539932,,,,,,,,,,,,,,,,,
20220608.0,0.0421442724764347,0.1775193810462951,,,,0.021436708047986,0.032349620014429,,,,,,,,,,,,
20220609.0,0.0351188778877258,0.1703455150127411,0.052623875439167,0.0578191131353378,0.059362806379795,,,10.0,0.2253517508506775,1.2161247730255127,297.788330078125,0.5225377082824707,277.14923095703125,263.91015625,0.0017266024369746,1.073543906211853,200.0,0.0977504551410675,0.110999999567866
20220610.0,0.0302924253046512,0.1711420118808746,,,,,0.0078127384185791,,,,,,,,,,,,
20220611.0,0.0291290432214736,0.1659119725227356,0.0448517352342605,0.0592968314886093,0.0587981343269348,0.010449269786477,0.0060426648706197,10.0,0.2253517508506775,1.2161247730255127,300.1582336425781,0.5277661085128784,279.9075012207031,265.6688842773437,0.0021597598679363,0.7500162720680237,200.0,0.0539907924830913,0.0905416666840514
20220612.0,0.0414310619235038,0.1577241420745849,0.1143631860613823,0.1186458021402359,0.1063810214400291,,,10.0,0.2253517508506775,1.2161247730255127,295.8005676269531,0.5288699269294739,271.5325012207031,250.76950073242188,9.244029998779297,1.1322940587997437,200.0,0.0532323345541954,0.0877916666989525
20220615.0,0.0776662528514862,,,,,,0.032380137592554,,,,,,,,,,,,
20220616.0,0.0495214350521564,0.161028653383255,,,,0.0177879445254802,0.0211798455566167,,,,,,,,,,,,
20220617.0,0.0356142185628414,0.1490925401449203,0.0439710989594459,0.0558513924479484,0.0546279549598693,,,10.0,0.2253517508506775,1.2161247730255127,293.572021484375,0.5358933806419373,278.5712585449219,264.016845703125,0.0379953160881996,1.0836167335510254,200.0,0.0691179186105728,0.0903333341702819
20220618.0,0.0351327806711196,0.142489492893219,,,,0.0226508509367704,0.0284737702459096,,,,,,,,,,,,
20220620.0,0.0711413398385047,,0.0902133956551551,0.0837644189596176,0.079029731452465,,,10.0,0.2253517508506775,1.2161247730255127,289.3431396484375,0.5400713682174683,270.10968017578125,255.0560607910156,0.0478754416108131,2.329089641571045,200.0,0.191967099905014,0.0798571439726012
20220621.0,0.0481359511613845,0.1477473974227905,,,,0.0176774989813566,0.0256660673767328,,,,,,,,,,,,
20220622.0,0.0339940786361694,0.1363398879766464,0.0421297401189804,0.0489718466997146,0.048658762127161,,,10.0,0.2253517508506775,1.2161247730255127,297.95245361328125,0.542861819267273,278.8299560546875,264.7889404296875,0.000426173210144,1.0813350677490234,200.0,0.0727914124727249,0.0722916669522723
20220623.0,0.0291453637182712,0.1296248286962509,,,,0.0095763625577092,0.013916440308094,,,,,,,,,,,,
20220624.0,0.0318055190145969,,,,,,0.0342112481594085,,,,,,,,,,,,
20220625.0,0.0286462903022766,0.1350548267364502,0.0499236918985843,0.0681886300444603,0.0671941712498664,,,10.0,0.2253517508506775,1.2161247730255127,300.372314453125,0.5475423336029053,278.7606201171875,264.48077392578125,0.0021487474441528,0.7690521478652954,200.0,0.0714990645647049,0.0445833335009714
20220626.0,0.0281535871326923,0.139543816447258,,,,0.0125932022929191,0.0271004363894462,,,,,,,,,,,,
20220627.0,0.0279786642640829,0.1345597505569458,0.0428685620427131,0.0596628822386264,0.0562534816563129,,,10.0,0.2253517508506775,1.2161247730255127,303.60211181640625,0.5443746447563171,283.00250244140625,267.0892944335937,0.0008583068847656,0.6887997388839722,200.0,0.0186634007841348,0.0331249999968956
20220628.0,0.0279998928308486,0.1180659011006355,0.0546820722520351,0.0533367060124874,0.0514063648879528,,0.0040284432470798,10.0,0.2253517508506775,1.2161247730255127,301.9291076660156,0.539138674736023,283.7843322753906,268.644287109375,0.0017166137695312,0.7479063272476196,200.0,0.0168325267732143,0.0272500001980613
20220629.0,0.028183925896883,0.0987783744931221,,,,0.0098972888663411,0.000213629566133,,,,,,,,,,,,
20220630.0,0.0280358213931322,0.1069634035229682,0.0380412340164184,0.0486118756234645,0.0419041775166988,,,10.0,0.2253517508506775,1.2161247730255127,301.0912780761719,0.5302540063858032,284.61572265625,267.4496459960937,0.0,0.7433496117591858,200.0,0.012519764713943,0.0178095236686724
20220701.0,0.0279796067625284,0.1114598363637924,,,,0.0161230526864528,0.0205694753676652,,,,,,,,,,,,
20220702.0,0.0279212407767772,0.1095174998044967,,,,,,,,,,,,,,,,,
20220703.0,0.0284610614180564,0.119884118437767,0.0377272367477417,0.0579584762454032,0.0566591285169124,,0.0035706656053662,10.0,0.2253517508506775,1.2161247730255127,298.2381896972656,0.5167183876037598,281.6949462890625,266.86669921875,0.1222746446728706,0.6845237612724304,200.0,0.0250412933528423,0.0017272727458145
20220704.0,0.0296304170042276,0.1183884367346763,,,,0.014803915284574,0.0159306619316339,,,,,,,,,,,,
20220705.0,0.0309324990957975,0.1251389384269714,0.0365623496472835,0.0372860804200172,0.0302487686276435,,,10.0,0.2253517508506775,1.2161247730255127,297.50244140625,0.5077495574951172,284.3653564453125,268.2153625488281,0.0972037613391876,0.796497642993927,200.0,0.0176206491887569,0.0
20220706.0,0.0291539579629898,0.1219531446695327,0.052598237991333,0.055744718760252,0.053011380136013,0.0200338643044233,0.023743400350213,10.0,0.2253517508506775,1.2161247730255127,298.42547607421875,0.5032817125320435,281.667724609375,266.1571655273437,0.000435113790445,0.6833199262619019,200.0,0.0234168022871017,0.0
20220707.0,0.0283236149698495,0.1234548762440681,,,,,0.0,,,,,,,,,,,,
20220708.0,0.028006600216031,0.1081621944904327,0.0331265963613987,0.0498967319726944,0.0462469048798084,,,10.0,0.2253517508506775,1.2161247730255127,300.8554382324219,0.4943787157535553,283.72149658203125,267.8521423339844,0.0012874602107331,0.6612306833267212,200.0,0.0133278518915176,0.0
20220709.0,0.02789600007236,0.1095179393887519,,,,0.0163703821599483,0.0232551041990518,,,,,,,,,,,,
20220710.0,0.027853600680828,0.1004488244652748,,,,,,,,,,,,,,,,,
20220711.0,0.027668060734868,0.1159785017371177,0.0342452190816402,0.0498801693320274,0.0529358014464378,0.0066927131265401,0.0,10.0,0.2253517508506775,1.2161247730255127,303.0955505371094,0.4812448024749756,283.83819580078125,270.8549499511719,0.0,0.6895571947097778,200.0,0.0166685860604047,0.0
20220712.0,0.0275421738624572,0.11507448554039,,,,,0.0010986663401126,,,,,,,,,,,,
20220713.0,0.0275487639009952,0.1176409721374511,0.0345227010548114,0.0489995665848255,0.0427958518266677,,,10.0,0.2253517508506775,1.2161247730255127,305.585693359375,0.4707685112953186,288.0400390625,270.80792236328125,0.0115192746743559,0.6903678178787231,200.0,0.0063330559059977,0.0
20220714.0,0.0275395791977643,0.1016369089484214,0.051280066370964,0.0605262517929077,0.0598005726933479,0.0082701286301016,0.0163884405046701,10.0,0.2253517508506775,1.2161247730255127,303.8172302246094,0.4645241498947143,284.384765625,269.71990966796875,0.0008627870120108,0.692779541015625,200.0,0.0120242489501833,0.0
20220715.0,0.0275295972824096,0.1154078841209411,,,,,,,,,,,,,,,,,
20220716.0,0.0274931825697422,0.1010427772998809,0.0347616113722324,0.0529115535318851,0.0542612932622432,,0.015564439818263,10.0,0.2253517508506775,1.2161247730255127,304.2182006835937,0.4525370001792907,285.15386962890625,271.373046875,0.0008553265943191,0.6654508113861084,200.0,0.0102665545418858,0.0
20220717.0,0.0275593642145395,0.1057293638586998,,,,0.0051123965531587,3.051850944757461e-05,,,,,,,,,,,,
20220718.0,0.027577482163906,0.1093809232115745,,,,,,,,,,,,,,,,,
20220720.0,0.02743636444211,0.1102299243211746,,,,,,,,,,,,,,,,,
20220721.0,0.0273502506315708,0.1000703498721122,0.0313641913235187,0.0544190295040607,0.0536939576268196,,3.051850944757461e-05,10.0,0.2253517508506775,1.2161247730255127,304.4269104003906,0.4228006303310394,286.0357666015625,271.2172546386719,0.0017339580226689,0.725548267364502,200.0,0.0078882966190576,0.0
20220722.0,0.0273354798555374,0.1064595282077789,0.0462373979389667,0.0581427402794361,0.0614014007151126,0.0069063398987054,0.0075380718335509,10.0,0.2253517508506775,1.2161247730255127,304.0914001464844,0.4169164896011352,284.5880126953125,271.7319030761719,0.0008628771756775,0.6988436579704285,200.0,0.0122420731931924,0.0
20220723.0,0.0273392237722873,0.0907046496868133,,,,,,,,,,,,,,,,,
20220724.0,0.0273039136081933,0.1017082333564758,0.0357324928045272,0.0560355633497238,0.0573418997228145,0.0126070603728294,0.0189214758574962,10.0,0.2253517508506775,1.2161247730255127,304.2305908203125,0.4052112102508545,284.6388854980469,270.86822509765625,0.0008669470553286,0.6693657040596008,200.0,0.010780518874526,0.0
20220725.0,0.0272470973432064,0.0999158397316932,,,,,,,,,,,,,,,,,
20220726.0,0.0271676182746887,0.1031612753868103,,,,,,,,,,,,,,,,,
20220727.0,0.0271749161183834,0.0965915769338607,0.0356198661029338,0.0503686070442199,0.0398396402597427,0.0110062323510646,0.0136112552136182,10.0,0.2253517508506775,1.2161247730255127,306.0698547363281,0.3872667551040649,289.3236694335937,270.2210693359375,0.0012934205587953,0.6111034750938416,200.0,0.0049892608076334,0.0
20220728.0,0.0272761397063732,0.1241082027554512,,,,,,,,,,,,,,,,,
20220729.0,0.0272453557699918,0.1241381242871284,0.0340638794004917,0.0550047047436237,0.0578472390770912,0.005984631832689,0.0,10.0,0.2253517508506775,1.2161247730255127,305.7117919921875,0.382412701845169,286.6676025390625,273.553955078125,0.0025868404190987,0.6319072246551514,200.0,0.0077637708745896,0.0
20220730.0,0.0272300094366073,0.0952585488557815,0.0422462709248065,0.0460544228553772,0.0420746579766273,,0.0,10.0,0.2253517508506775,1.2161247730255127,305.84454345703125,0.3840753734111786,289.54010009765625,273.1524658203125,0.0025724924635142,0.5841584205627441,200.0,0.0062931925058364,0.0
20220731.0,0.0274111535400152,0.1248877719044685,,,,,,,,,,,,,,,,,
20220801.0,0.0271369218826293,0.1227043345570564,0.0372595563530921,0.0569051913917064,0.0558656752109527,0.0130636477842926,0.0233771782368421,10.0,0.2253517508506775,1.2161247730255127,307.1594543457031,0.3856650590896606,288.1100158691406,272.9367370605469,0.0052524227648973,0.6956799626350403,200.0,0.0056159337982535,0.0
20220802.0,0.0336855575442314,0.1448218673467636,,,,,,,,,,,,,,,,,
20220803.0,0.0325672812759876,0.1777127683162689,,,,,0.0943327099084854,,,,,,,,,,,,
20220804.0,0.0305740870535373,0.1598000824451446,0.0617521740496158,0.0795997530221939,0.0716001093387603,0.0198547579348087,0.0308847315609455,10.0,0.2253517508506775,1.2161247730255127,304.7250061035156,0.3883794546127319,283.0669860839844,263.98876953125,0.3202206790447235,0.9139533638954164,200.0,0.0156996510922908,0.0
20220805.0,0.0345425680279731,0.1875247955322265,,,,,,,,,,,,,,,,,
20220806.0,0.038806963711977,0.2004579007625579,,,,0.0845023542642593,0.1092867851257324,,,,,,,,,,,,
20220922.0,0.1329474598169326,0.2598918676376343,,,,,,,,,,,,,,,,,
20220923.0,0.1117045059800148,0.2167226672172546,,,,,,,,,,,,,,,,,
20220924.0,0.0862713456153869,0.1838031560182571,0.0988544821739196,0.1166237965226173,0.103615716099739,0.0674162805080413,0.0825220495462417,10.0,0.2253517508506775,1.2161247730255127,288.3158874511719,0.2619722187519073,266.9427185058594,245.5929412841797,0.0016982989618554,1.8494716882705688,200.0,0.1109488233923912,0.0805833342795571
20220925.0,0.0640989243984222,0.1800977140665054,,,,,,,,,,,,,,,,,
20220926.0,0.0472627989947795,0.160621777176857,0.0657390505075454,0.0872878208756446,0.0787402391433715,0.0295809973031282,0.037171546369791,10.0,0.2253517508506775,1.2161247730255127,291.300537109375,0.258940041065216,273.86053466796875,255.9935607910156,0.0008642672328278,1.117353439331055,200.0,0.0694268643856048,0.0609166670280198
20220927.0,0.0366443321108818,0.1584968566894531,0.0653264746069908,0.0754566490650177,0.0683699548244476,,0.0271614734083414,10.0,0.2253517508506775,1.2161247730255127,293.3045349121094,0.2574353218078613,276.9805908203125,258.9769897460937,0.0008612870587967,0.7195154428482056,200.0,0.0353765524923801,0.054083333350718
20220928.0,0.031451728194952,0.1628152132034301,,,,,,,,,,,,,,,,,
20220929.0,0.0296119432896375,0.1502366513013839,0.0502021051943302,0.0818368047475814,0.0775093287229538,0.0314757525920867,0.0407727286219596,10.0,0.2253517508506775,1.2161247730255127,290.6023864746094,0.2545362114906311,274.9926147460937,260.22381591796875,0.000435113790445,0.448767751455307,200.0,0.0430903807282447,0.0410833337033788
20220930.0,0.0290574375540018,0.1522414982318878,,,,,,,,,,,,,,,,,
20221001.0,0.0288321245461702,0.1552272737026214,,,,,0.0320444367825984,,,,,,,,,,,,
20221002.0,0.0286864507943391,0.1550183743238449,0.0496694184839725,0.070668987929821,0.0672430619597435,0.0196459554135799,0.027375103905797,10.0,0.2253517508506775,1.2161247730255127,289.9820861816406,0.2466249465942382,274.2696228027344,258.91851806640625,0.0,0.3227152526378631,200.0,0.0355618931353092,0.0284166669007391
20221003.0,0.0283796098083257,0.1557808369398117,,,,,,,,,,,,,,,,,
20221004.0,0.0281837359070777,0.1478065252304077,0.0457390621304512,0.0631081312894821,0.0619051419198513,0.0276170019060373,0.0382396914064884,10.0,0.2253517508506775,1.2161247730255127,291.6553955078125,0.2404876947402954,276.06036376953125,261.6081848144531,0.0017225741175934,0.2849863767623901,200.0,0.022009065374732,0.0234583333755533
20221005.0,0.0280808601528406,0.1515727043151855,0.0532552413642406,0.0698553919792175,0.065408855676651,,,10.0,0.2253517508506775,1.2161247730255127,291.6292724609375,0.2374040335416793,275.73193359375,259.5728759765625,0.0017028166912496,0.2961569428443908,200.0,0.0225598029792308,0.0211249998149772
20221006.0,0.0280457139015197,0.1489381045103073,,,,,,,,,,,,,,,,,
20221007.0,0.0280111711472272,0.1472677737474441,0.0477633289992809,0.0641631707549095,0.0607502683997154,0.0262841656804084,0.0357676930725574,10.0,0.2253517508506775,1.2161247730255127,291.68182373046875,0.2312589287757873,276.5770874023437,260.7651062011719,0.0,0.2959255278110504,200.0,0.017612837255001,0.016333333371828
20221008.0,0.0279194563627243,0.1536309272050857,,,,,,,,,,,,,,,,,
20221009.0,0.0279059074819087,0.1432362049818039,,,,0.0253486838191747,0.0361339151859283,,,,,,,,,,,,
20221010.0,0.0283064544200897,0.1399416327476501,0.0444362536072731,0.0693298652768135,0.0648447945713996,,,10.0,0.2253517508506775,1.2161247730255127,291.4429931640625,0.2220968008041381,276.20770263671875,259.9333190917969,0.0311089940369129,0.3356706798076629,200.0,0.0214998852461576,0.0090000000394259
20221011.0,0.0281626675277948,0.1503303349018097,,,,,,,,,,,,,,,,,
20221012.0,0.0282525699585676,0.136469617486,0.0424934327602386,0.0627481192350387,0.0593762211501598,0.0241188667714595,0.0334177687764167,10.0,0.2253517508506775,1.2161247730255127,289.4990539550781,0.2160257399082183,276.0394897460937,260.2416381835937,0.0008583068847656,0.3073262572288513,200.0,0.0198491849005222,0.0049565217923373
20221013.0,0.0282175261527299,0.1371264904737472,0.0472412593662738,0.0613437853753566,0.0575131513178348,,,10.0,0.2253517508506775,1.2161247730255127,289.915771484375,0.2131091654300689,276.4462280273437,260.3331298828125,0.0012814998626708,0.2808268070220947,200.0,0.0167958755046129,0.0037142857188536
20221014.0,0.0282079577445983,,,,,0.0146333975717425,0.0187383648008108,,,,,,,,,,,,
20221015.0,0.0282215643674135,,0.0457464791834354,0.0685565024614334,0.0637381598353385,,0.0158696249127388,10.0,0.2253517508506775,1.2161247730255127,288.8515319824219,0.2085853368043899,274.9066162109375,258.41998291015625,0.0,0.2897482216358185,200.0,0.0245578102767467,0.0005833333464882
20221016.0,0.0282495040446519,,,,,,,,,,,,,,,,,,
20221017.0,0.0283708814531564,,,,,0.0260177049785852,0.0311899166554212,,,,,,,,,,,,
20221018.0,0.0284018404781818,,0.0440755449235439,0.0656218752264976,0.0625626295804977,,,10.0,0.2253517508506775,1.2161247730255127,287.2282409667969,0.1588447093963623,274.0988464355469,258.66412353515625,0.0012993812561035,0.2808811366558075,200.0,0.0304026119410991,0.0
20221019.0,0.0283874068409204,,,,,,0.0292977690696716,,,,,,,,,,,,
20221020.0,0.0283663980662822,,0.0423119366168975,,,0.0154702384024858,0.0217902157455682,,,,,,,,,,,,
20221021.0,0.0283459946513175,,0.0392960049211978,0.0650530308485031,0.0651689767837524,,,10.0,0.2253517508506775,1.2161247730255127,287.66363525390625,0.0958753228187561,273.6449584960937,260.0631103515625,0.0,0.2937837243080139,200.0,0.0367156490683555,0.0
20221029.0,0.0562957040965557,,0.0637775957584381,,,,,,,,,,,,,,,,
20221030.0,0.0510523281991481,,,,,,0.037202063947916,,,,,,,,,,,,
20221031.0,0.0463194325566291,,0.0503490306437015,0.0601942278444767,0.0567072443664073,,,10.0,0.2253517508506775,1.2161247730255127,280.7771301269531,0.0,268.9605407714844,253.4459228515625,0.0008583068847656,0.4844668805599212,200.0,0.0791091844439506,0.0
20221101.0,0.042216133326292,,,,,0.0213427357375621,0.0205084383487701,,,,,,,,,,,,
20230409.0,,,0.1226076409220695,,,,,,,,,,,,,,,,
20230410.0,0.4009290933609009,,,,,0.0888143554329872,,,,,,,,,,,,,
20230411.0,0.4117721021175384,,,,,,,,,,,,,,,,,,
20230504.0,0.2612718641757965,0.2103235870599746,,,,,,,,,,,,,,,,,
20230510.0,0.3492008149623871,0.2321182042360305,,,,,0.1174657419323921,,,,,,,,,,,,
20230514.0,0.2539539635181427,0.2298818081617355,0.1154955327510833,,,,,10.0,0.2253517508506775,1.2161247730255127,285.4985656738281,0.3357377648353576,265.2127685546875,246.18572998046875,0.5833115577697754,3.5047309398651123,200.0,0.2235038578510284,0.171052629226132
20230515.0,0.2424269020557403,,,,,,0.1605883985757827,,,,,,,,,,,,
20230516.0,0.2218870371580124,0.2380017638206482,0.1456490457057953,0.145036980509758,0.1261345148086547,0.097628504037857,0.1193578913807869,10.0,0.2253517508506775,1.2161247730255127,288.83935546875,0.3689727187156677,260.6522827148437,239.59152221679688,0.1378410309553146,4.175156593322754,200.0,0.2303988635540008,0.246409089727835
20230517.0,0.1943923830986023,0.2321826219558715,0.1370909661054611,0.1179384887218475,0.1056603342294693,,,10.0,0.2253517508506775,1.2161247730255127,289.9313049316406,0.3858644068241119,266.515380859375,245.97427368164065,0.0066677737049758,4.138359069824219,200.0,0.2040210664272308,0.264916668335597
20230518.0,0.1698234528303146,0.2244705706834793,,,,0.0597480088472366,0.0751670897006988,,,,,,,,,,,,
20230519.0,0.1469557434320449,0.2201544940471649,0.0969599857926368,0.1051224619150161,0.0960019305348396,,0.0079042939469218,10.0,0.2253517508506775,1.2161247730255127,292.45855712890625,0.4201961457729339,270.86285400390625,253.49691772460932,0.0006417439435608,3.998040676116944,200.0,0.1978625953197479,0.270458333815138
20230520.0,0.1254933625459671,0.2225262522697448,,,,,,,,,,,,,,,,,
20230521.0,0.119755208492279,0.2239702939987182,,,,0.0508042611181736,0.0654316842555999,,,,,,,,,,,,
20230522.0,0.1249886155128479,0.2524209320545196,0.1865228861570358,0.1969073116779327,0.1678169071674347,,,10.0,0.2253517508506775,1.2161247730255127,292.6923522949219,0.4731039702892303,255.1400451660156,230.87060546875,1.7099308967590332,3.4879167079925537,200.0,0.1775108873844146,0.216625000039736
20230523.0,0.1198480874300003,0.2421256899833679,,,,0.0857476741075515,0.1332132965326309,,,,,,,,,,,,
20230524.0,0.1379866302013397,0.2384333163499832,0.1469910889863968,0.1537910997867584,0.1306729316711425,,0.078096866607666,10.0,0.2253517508506775,1.2161247730255127,289.9573669433594,0.5098258256912231,261.645263671875,243.37945556640625,3.052196264266968,3.377462387084961,200.0,0.2073698937892913,0.166416667401791
20230525.0,0.1320250183343887,0.236638456583023,0.1517332047224044,0.132108524441719,0.1176307052373886,,,10.0,0.2253517508506775,1.2161247730255127,290.4932861328125,0.5267685055732727,265.0675048828125,243.4649200439453,1.1900265216827393,3.263647556304932,200.0,0.1615545898675918,0.168750002359351
20230526.0,0.1404065638780594,0.2287564128637313,,,,0.0815255641937255,0.1181676685810089,,,,,,,,,,,,
20230527.0,0.1277645975351333,0.255346804857254,0.1656028777360916,0.1647972166538238,0.1419842094182968,,,10.0,0.2253517508506775,1.2161247730255127,289.8118896484375,0.5494621396064758,258.9007568359375,236.89993286132807,0.5767219662666321,3.0720059871673584,200.0,0.2040937691926956,0.175750001644095
20230528.0,0.15281443297863,,,,,,0.1878109127283096,,,,,,,,,,,,
20230529.0,0.1317055970430374,0.2484164983034134,,,,0.0863689556717872,0.1288186311721801,,,,,,,,,,,,
20230530.0,0.110514223575592,0.2395723164081573,0.1471311002969741,0.144340842962265,0.1258441656827926,,,10.0,0.2253517508506775,1.2161247730255127,292.93536376953125,0.5833900570869446,264.01251220703125,243.37794494628903,2.086687564849853,3.0620431900024414,200.0,0.1361524611711502,0.162958335131407
20230531.0,0.1429597735404968,0.2429722249507904,,,,0.1081523001194,0.1326334476470947,,,,,,,,,,,,
20230601.0,0.1609869599342346,,0.1862266957759857,0.1865628510713577,0.1595829576253891,,,10.0,0.2253517508506775,1.2161247730255127,290.4290771484375,0.6061698198318481,254.78399658203125,231.2564392089844,4.047689437866211,3.4038455486297607,200.0,0.190583735704422,0.172333334262172
20230602.0,0.1969442516565323,0.2642571926116943,0.2284286767244339,0.2337960749864578,0.2012916654348373,,0.2271187454462051,10.0,0.2253517508506775,1.2161247730255127,288.0385131835937,0.6176570653915405,245.18370056152344,218.77178955078125,4.438955307006836,3.2032923698425293,200.0,0.2354800701141357,0.181217391205871
20230603.0,0.1728892624378204,0.2532104253768921,,,,0.1123895868659019,0.1470076590776443,,,,,,,,,,,,
20230604.0,0.130992591381073,0.2315741330385208,0.1397611647844314,0.1320335417985916,0.1167738139629364,,,10.0,0.2253517508506775,1.2161247730255127,292.3623046875,0.6408268213272095,265.90155029296875,245.21160888671875,0.0012814998626708,3.860530376434326,200.0,0.1963721811771392,0.150624999776483
20230605.0,0.0974282994866371,0.2220907062292099,,,,0.0577394552528858,0.073305457830429,,,,,,,,,,,,
20230606.0,0.0745431780815124,0.2302172780036926,,,,,,,,,,,,,,,,,
20230607.0,0.0867131948471069,0.2529093027114868,0.1645953357219696,0.1389312744140625,0.1238573044538497,,,10.0,0.2253517508506775,1.2161247730255127,294.8011474609375,0.6761247515678406,265.7125244140625,242.43202209472656,2.159899473190308,3.174078226089477,200.0,0.1153129562735557,0.127666666482886
20230608.0,0.0719928368926048,0.2384192794561386,,,,0.0855645090341568,0.1171910762786865,,,,,,,,,,,,
20230609.0,0.1412025541067123,,0.1601668298244476,0.146627739071846,0.1264379322528839,,,10.0,0.2253517508506775,1.2161247730255127,290.2872009277344,0.7007331848144531,264.07275390625,244.34011840820312,11.64528465270996,2.4024813175201416,200.0,0.1196304410696029,0.124333335086703
20230610.0,0.2595592737197876,0.2464309930801391,0.1921202987432479,0.1579821705818176,0.1367207467555999,0.1037344485521316,0.1367839574813842,10.0,0.2253517508506775,1.2161247730255127,289.9110412597656,0.7107650637626648,259.8695678710937,237.86705017089844,4.783738613128662,3.986782550811768,200.0,0.2188464850187301,0.153782608716384
20230611.0,0.2240079194307327,0.258930504322052,,,,,0.3145542740821838,,,,,,,,,,,,
20230612.0,0.2211532741785049,0.2549042999744415,0.1975369900465011,0.1888472586870193,0.1584372371435165,,,10.0,0.2253517508506775,1.2161247730255127,290.2989501953125,0.7148353457450867,256.29107666015625,233.76593017578125,3.7530555725097656,3.135796070098877,200.0,0.1860307902097702,0.164708333089948
20230613.0,0.2134497016668319,0.2796350717544555,,,,0.2160749286413192,0.2639545798301697,,,,,,,,,,,,
20230614.0,0.1952603310346603,0.276350200176239,,,,,,,,,,,,,,,,,
20230615.0,0.1491967737674713,0.2372660636901855,0.1835783571004867,0.1746911853551864,0.1530247181653976,,0.153843805193901,10.0,0.2253517508506775,1.2161247730255127,288.4070129394531,0.7201025485992432,256.87286376953125,232.0565795898437,0.0012854093220084,3.92718505859375,200.0,0.2326323688030243,0.143458333487312
20230616.0,0.1111923158168792,0.2168300598859787,,,,,0.1183812990784645,,,,,,,,,,,,
20230617.0,0.082779660820961,0.2140160501003265,0.1334642469882965,0.1165918782353401,0.1045015975832939,,,10.0,0.2253517508506775,1.2161247730255127,292.33599853515625,0.723393440246582,268.9324951171875,249.40042114257807,0.0022557901684194,2.415755033493042,200.0,0.1662758588790893,0.123208333117266
20230618.0,0.0685032755136489,0.207417830824852,0.1254631131887436,0.0995221138000488,0.0916363149881362,0.0647036209702491,0.0893887132406234,10.0,0.2253517508506775,1.2161247730255127,292.38531494140625,0.7250406742095947,272.62506103515625,255.3368530273437,0.002739826682955,2.232483625411988,200.0,0.1481034755706787,0.115708333129684
20230619.0,0.0626943558454513,0.1919644922018051,,,,,,,,,,,,,,,,,
20230621.0,0.1361996382474899,0.1781621873378753,,,,0.0430198274552822,0.0531937628984451,,,,,,,,,,,,
20230622.0,0.1026816740632057,0.1820861250162124,,,,,,,,,,,,,,,,,
20230623.0,0.0755648761987686,0.1881600767374038,0.0876559689640998,0.0716916769742965,0.065006248652935,0.0374593697488307,0.0527665019035339,10.0,0.2253517508506775,1.2161247730255127,292.253662109375,0.7333223819732666,275.4675598144531,257.97906494140625,0.1194053813815116,2.736533164978028,200.0,0.1276645362377166,0.0967916660010815
20230624.0,0.0652498751878738,0.1828129887580871,,,,,,,,,,,,,,,,,
20230625.0,0.0512179806828498,0.1915603876113891,0.0926166474819183,0.0995059385895729,0.093142956495285,,,10.0,0.2253517508506775,1.2161247730255127,294.54669189453125,0.7370163202285767,271.8675537109375,257.273193359375,0.1884880810976028,1.932619333267212,200.0,0.1680436134338379,0.085333333350718
20230627.0,0.062715508043766,0.1983871906995773,,,,,,,,,,,,,,,,,
20230628.0,0.0598291829228401,0.2099774330854416,0.1451041251420974,,,0.0885552838444709,0.1128879636526107,,,,,,,,,,,,
20230630.0,0.0358774550259113,0.1805021911859512,,,,,,,,,,,,,,,,,
20230701.0,0.031843826174736,0.179002583026886,0.0817330926656723,0.0822351574897766,0.0773691684007644,0.0334014184772968,0.0594195388257503,10.0,0.2253517508506775,1.2161247730255127,302.95953369140625,0.7214011549949646,278.0406799316406,262.39990234375,0.0008583068847656,1.2562315464019775,200.0,0.0784287601709365,0.0879166669522723
20230702.0,0.0313836298882961,0.1814167350530624,,,,,,,,,,,,,,,,,
20230703.0,0.0306579004973173,0.1681338548660278,0.0702347159385681,0.0787487998604774,0.0735070556402206,,0.0250251777470111,10.0,0.2253517508506775,1.2161247730255127,302.9471435546875,0.7146918773651123,280.5840148925781,264.23272705078125,0.0017136335372924,1.1323357820510864,200.0,0.0518927685916423,0.0625416670615474
20230704.0,0.0305264238268136,0.1631366908550262,0.0856859609484672,0.0665259286761283,0.0599992759525775,,0.0286873988807201,10.0,0.2253517508506775,1.2161247730255127,301.802734375,0.7113447785377502,282.364501953125,264.4547119140625,0.0009867884218692,1.1619077920913696,200.0,0.035594992339611,0.0545000002409021
20230705.0,0.0303546991199255,0.1588606089353561,,,,,,,,,,,,,,,,,
20230706.0,0.0301035717129707,0.1680777966976165,0.0786760672926902,0.0783594325184822,0.0702428445219993,0.0409672111272811,0.0563982054591178,10.0,0.2253517508506775,1.2161247730255127,302.8477783203125,0.7046656012535095,280.8475341796875,261.6381530761719,0.003491177689284,1.1377668380737305,200.0,0.0413367673754692,0.0412500000869234
20230707.0,0.0299814417958259,0.1747719049453735,,,,,,,,,,,,,,,,,
20230708.0,0.0306233577430248,0.1856205016374588,,,,,0.054780725389719,,,,,,,,,,,,
20230709.0,0.0298981759697198,0.168019562959671,0.0724211186170578,0.0696247294545173,0.0621306784451007,0.0227085053920745,0.0344553962349891,10.0,0.2253517508506775,1.2161247730255127,303.2658386230469,0.6947267055511475,282.0175170898437,263.3359375,0.0008531532948836,1.0505129098892212,200.0,0.0309833232313394,0.032208333335196
20230710.0,0.0296602416783571,0.1639014631509781,,,,,,,,,,,,,,,,,
20230711.0,0.029580645263195,0.1530265659093856,0.0575147494673728,0.0694099590182304,0.066196396946907,0.0299286041408777,0.0540482811629772,10.0,0.2253517508506775,1.2161247730255127,301.91082763671875,0.688686192035675,281.2219543457031,265.6300964355469,0.0017057753866538,1.022607445716858,200.0,0.0475819781422615,0.0262500001893689
20230712.0,0.0295298993587493,0.1503468304872512,0.0742967799305915,0.062962032854557,0.0602533333003521,,,10.0,0.2253517508506775,1.2161247730255127,301.9927978515625,0.6839092969894409,282.2716369628906,266.6654968261719,0.0021461700089275,0.971248209476471,200.0,0.0355848297476768,0.022791666444391
20230713.0,0.0294820889830589,0.1607901453971862,,,,,,,,,,,,,,,,,
20230714.0,0.0292903445661067,0.1594932973384857,0.0569743178784847,0.0642890110611915,0.0620322152972221,0.0275100395083427,0.0366527289152145,10.0,0.2253517508506775,1.2161247730255127,303.5380554199219,0.6625686883926392,282.5386047363281,267.2359619140625,0.0008583068847656,0.9774139523506165,200.0,0.0317721180617809,0.0165416666616996
20230715.0,0.0289492700248956,0.1524817794561386,,,,,,,,,,,,,,,,,
20230716.0,0.0287486054003238,0.1619310975074768,,,,0.0268211290240287,0.0377513952553272,,,,,,,,,,,,
20230717.0,0.0287803914397954,0.1589654684066772,0.0690017119050026,0.072415255010128,0.066798634827137,,0.0050660725682973,10.0,0.2253517508506775,1.2161247730255127,305.6873779296875,0.630340576171875,284.68231201171875,267.28814697265625,0.0168780479580163,0.8766281008720398,200.0,0.0160412658005952,0.0031304347693272
20230718.0,0.0289820730686187,0.1475542485713958,,,,,,,,,,,,,,,,,
20230719.0,0.0286165978759527,0.144232228398323,0.0524675138294696,0.0631355419754982,0.0594196878373622,0.0222711879760026,0.0363170281052589,10.0,0.2253517508506775,1.2161247730255127,305.3363037109375,0.6089682579040527,285.0302734375,268.6812744140625,0.0025636868085712,1.0443202257156372,200.0,0.0161350779235363,0.000250000002173
20230720.0,0.0286921262741088,0.1442520320415496,0.0673408582806587,0.0613454654812812,0.0570646189153194,,,10.0,0.2253517508506775,1.2161247730255127,304.0813293457031,0.5983657836914062,285.0333251953125,268.2856140136719,0.0008583068847656,0.9157674908638,200.0,0.0150653049349784,0.0
20230721.0,0.0286472644656896,0.1462888419628143,,,,0.0153903095051646,0.0248420666903257,,,,,,,,,,,,
20230722.0,0.0285637006163597,0.1470391899347305,0.04863091558218,0.0606458410620689,0.0624126233160495,,6.103701889514923e-05,10.0,0.2253517508506775,1.2161247730255127,305.018310546875,0.5773282647132874,284.5987548828125,271.2198791503906,0.0630332455039024,0.9172199964523317,200.0,0.0191214475780725,0.0
20230723.0,0.0290781073272228,0.1423873007297516,,,,,,,,,,,,,,,,,
20230724.0,0.0286569204181432,0.1325178444385528,,,,0.024254385381937,0.0449537634849548,,,,,,,,,,,,
20230725.0,0.028891609981656,0.124682568013668,0.0473198220133781,0.0640095919370651,0.061196643859148,,,10.0,0.2253517508506775,1.2161247730255127,301.60467529296875,0.5461502075195312,283.6695251464844,267.8674621582031,0.0013033690629526,0.8549960851669312,200.0,0.0194644965231418,0.0
20230726.0,0.0287911221385002,0.1261968463659286,,,,,0.0223700683563947,,,,,,,,,,,,
20230727.0,0.0286832209676504,0.1285469383001327,0.0511379465460777,0.0634737014770507,0.0616752691566944,0.0136494301259517,0.0213629566133022,10.0,0.2253517508506775,1.2161247730255127,302.1245422363281,0.5251091718673706,283.3656616210937,268.240234375,0.0004410743713378,0.852811336517334,200.0,0.0203483570367097,0.0
20230728.0,0.0287907999008893,0.1308049708604812,0.0633494332432746,0.0583193078637123,0.0513942874968051,,,10.0,0.2253517508506775,1.2161247730255127,301.7091369628906,0.5163552761077881,284.9764404296875,266.5126037597656,0.0016550238942727,0.8304664492607117,200.0,0.0116943474858999,0.0
20230729.0,0.0288134291768074,0.1491753458976745,,,,0.0258996970951557,0.0361339151859283,,,,,,,,,,,,
20230730.0,0.0287979356944561,0.1264413744211197,0.0501150675117969,0.0644429251551628,0.0625599920749664,,,10.0,0.2253517508506775,1.2161247730255127,301.2040405273437,0.5102413892745972,282.4717712402344,267.36883544921875,0.0,0.8315951228141785,200.0,0.024577684700489,0.0
20230731.0,0.0286305304616689,0.123817540705204,,,,,,,,,,,,,,,,,
20230801.0,0.0285380184650421,0.1222943663597107,,,,0.0270546153187751,0.0309762880206108,,,,,,,,,,,,
20230802.0,0.0286826025694608,0.1281119883060455,0.0446773804724216,0.058688435703516,0.0560002662241458,,,10.0,0.2253517508506775,1.2161247730255127,302.4803771972656,0.5017035007476807,284.0209350585937,268.1939392089844,0.037197608500719,0.7862333059310913,200.0,0.0148973567411303,0.0
20230803.0,0.0293440371751785,0.1744394749403,,,,0.0495035424828529,0.0661336109042167,,,,,,,,,,,,
20230804.0,,,,,,,,10.0,0.2253517508506775,1.2161247730255127,301.2757263183594,0.4961920380592346,264.71014404296875,242.3955993652344,2.021936655044556,1.8070688247680664,200.0,0.0538835935294628,0.0
20230805.0,0.0569813773036003,0.2214846014976501,0.16425122320652,0.1651794761419296,0.1418511271476745,,,10.0,0.2253517508506775,1.2161247730255127,297.656494140625,0.4934427142143249,264.1456298828125,239.56277465820312,1.65826416015625,2.3891677856445312,200.0,0.0723729282617569,0.0
20230806.0,0.0383333079516887,0.1899835169315338,,,,0.086442545056343,0.1157567054033279,,,,,,,,,,,,
20230807.0,0.033445555716753,0.1842402666807174,0.0851077884435653,0.0880350768566131,0.0793980956077575,,,10.0,0.2253517508506775,1.2161247730255127,297.8069763183594,0.4879564642906189,278.03955078125,259.72930908203125,0.00514851603657,0.9060813784599304,200.0,0.0533153228461742,0.0
20230808.0,0.0303947851061821,0.1650641411542892,,,,0.0399468839168548,0.0596942044794559,,,,,,,,,,,,
20230809.0,0.0289810542017221,0.1695886552333831,,,,,0.0485549494624137,,,,,,,,,,,,
20230810.0,0.0286378432065248,0.1562462300062179,0.0605538301169872,0.0649757757782936,0.0611659549176692,,,10.0,0.2253517508506775,1.2161247730255127,300.8176574707031,0.4797560274600982,281.6141662597656,265.32159423828125,0.0,0.7220690846443176,200.0,0.0245145950466394,0.0
20230811.0,0.0283599998801946,0.1567181795835495,,,,0.0322123281657695,0.0493179112672805,,,,,,,,,,,,
20230812.0,0.0281565487384796,0.1561303883790969,0.0599297657608985,0.0644973814487457,0.0617280155420303,,,10.0,0.2253517508506775,1.2161247730255127,303.33428955078125,0.4742737114429474,282.8284912109375,267.150146484375,0.0008583068847656,0.771172285079956,200.0,0.0184565726667642,0.0
20230813.0,0.0281342882663011,0.1485356837511062,0.0733079090714454,0.0602976121008396,0.0562280379235744,,0.0269478447735309,10.0,0.2253517508506775,1.2161247730255127,302.69097900390625,0.4716532826423645,284.0601806640625,267.4028015136719,0.0012814998626708,0.7201988697052002,200.0,0.0122351804748177,0.0
20230814.0,0.0281083993613719,0.162312850356102,,,,0.0176339708268642,0.0219428092241287,,,,,,,,,,,,
20230815.0,0.0280886590480804,0.1547148525714874,0.0568055137991905,0.0677169412374496,0.0638256147503852,,,10.0,0.2253517508506775,1.2161247730255127,304.0301513671875,0.4671941995620727,283.8763732910156,267.4843444824219,0.0,0.6861265897750854,200.0,0.0129004623740911,0.0
20230816.0,0.0283068679273128,0.1403868049383163,,,,0.0339882709085941,0.0522476881742477,,,,,,,,,,,,
20230817.0,0.0329661667346954,0.1706698983907699,,,,,,,,,,,,,,,,,
20230818.0,0.0359012335538864,0.1673683524131775,0.0918488577008247,0.0830071121454238,0.0737919509410858,,0.0500808730721473,10.0,0.2253517508506775,1.2161247730255127,301.1156921386719,0.4605674743652344,281.0844116210937,261.0450744628906,0.6060190200805664,1.19010329246521,200.0,0.0294993855059146,0.0
20230819.0,0.0311151184141635,0.1701735556125641,,,,0.0377180278301239,0.045350506901741,,,,,,,,,,,,
20230820.0,0.0298877824097871,0.1654601991176605,0.0702881217002868,0.0773427188396453,0.0702296048402786,,,10.0,0.2253517508506775,1.2161247730255127,297.34539794921875,0.4561744630336761,281.92266845703125,263.7326354980469,0.2057280838489532,0.5572812557220459,200.0,0.0127673698589205,0.0
20230821.0,0.172587439417839,0.2072008699178695,0.2391511648893356,0.2742599546909332,0.227253183722496,0.2934410870075226,0.2956938445568084,10.0,0.2253517508506775,1.2161247730255127,290.9928283691406,0.4539821743965149,241.9885406494141,213.05758666992188,22.244291305541992,2.2849838733673096,200.0,0.0850919410586357,0.0102083332991848
20230822.0,0.277223140001297,0.257245808839798,,,,,,,,,,,,,,,,,
20230823.0,0.2278964668512344,,0.1809110194444656,0.2060158252716064,0.173294723033905,,,10.0,0.2253517508506775,1.2161247730255127,291.0182189941406,0.4496060013771057,252.73220825195312,223.66714477539065,0.2338981181383133,3.5902156829833984,200.0,0.1731856316328048,0.121708333181838
20230824.0,0.1823317110538482,0.2065008878707885,,,,0.0904932543635368,0.1139866337180137,,,,,,,,,,,,
20230825.0,0.1397905498743057,0.1862636059522628,,,,,,,,,,,,,,,,,
20230826.0,0.1038666889071464,0.1884525716304779,0.0904892981052398,0.1034201830625534,0.093242347240448,0.04556904733181,0.0614947974681854,10.0,0.2253517508506775,1.2161247730255127,294.5039367675781,0.443062424659729,275.18426513671875,253.9666290283203,0.014649829827249,3.202040433883667,200.0,0.0915596187114715,0.0760416661699613
20230827.0,0.0709734559059143,0.1574185043573379,,,,,0.0189519952982664,,,,,,,,,,,,
20230828.0,0.0464672185480594,0.1531331539154052,0.0619140900671482,0.0725140273571014,0.0672348514199256,,,10.0,0.2253517508506775,1.2161247730255127,297.2379150390625,0.4387096762657165,280.3468017578125,263.4706115722656,0.0,1.7389296293258667,200.0,0.0441112779080867,0.0559166669845581
20230829.0,0.0349303632974624,0.1491817235946655,0.0603953376412391,0.0686827301979065,0.0658257156610488,0.0268126316368579,0.0415356904268264,10.0,0.2253517508506775,1.2161247730255127,296.7810974121094,0.4365512728691101,280.8266906738281,265.2611083984375,0.0025629997253417,1.0181171894073486,200.0,0.0377922914922237,0.0471666667920848
20230830.0,0.0321398302912712,0.1477993577718734,,,,,,,,,,,,,,,,,
20230831.0,0.0306023508310318,0.1400900483131408,0.0512548983097076,0.0652034357190132,0.0620457604527473,,0.0250862147659063,10.0,0.2253517508506775,1.2161247730255127,296.2718811035156,0.4323360323905945,279.2766418457031,263.56787109375,0.000435113790445,0.8055850267410278,200.0,0.0436515919864177,0.0337083336586754
20230901.0,0.0481466688215732,0.1643659174442291,,,,0.0578036084771156,0.0754417553544044,,,,,,,,,,,,
20230902.0,0.1402011513710022,0.2165558934211731,,,,,,,,,,,,,,,,,
20230903.0,0.173315554857254,0.2508297264575958,0.1907701939344406,0.2094808518886566,0.1764399111270904,0.1834160536527633,0.20676289498806,10.0,0.2253517508506775,1.2161247730255127,289.985595703125,0.4260379672050476,250.6812438964844,224.12164306640625,9.74822235107422,2.436884880065918,200.0,0.0978641211986541,0.0811250004917383
20230904.0,0.3036389946937561,0.2693996131420135,,,,,,,,,,,,,,,,,
20230905.0,0.263788640499115,0.2373770475387573,0.1545773595571518,0.1622996926307678,0.1388556361198425,,0.1662953644990921,10.0,0.2253517508506775,1.2161247730255127,288.6604919433594,0.4218537807464599,259.4187316894531,235.4087677001953,0.0229136813431978,3.1497981548309326,200.0,0.1864345073699951,0.109375
20230906.0,0.2181659042835235,0.230641171336174,0.1324969679117202,0.1276157647371292,0.1131117865443229,0.0781245306134224,0.0911587849259376,10.0,0.2253517508506775,1.2161247730255127,289.4494934082031,0.4197657406330108,266.4628295898437,242.9872131347656,0.2011543810367584,3.107203960418701,200.0,0.1397331058979034,0.093708334180216
20230907.0,0.1791295111179351,0.1940517574548721,,,,,,,,,,,,,,,,,
20230908.0,0.1375383138656616,0.1912550032138824,0.0799111425876617,0.0956492274999618,0.0873485133051872,,,10.0,0.2253517508506775,1.2161247730255127,289.8703918457031,0.4155974388122558,273.1830139160156,255.3941650390625,0.0,2.989522933959961,200.0,0.1483317911624908,0.066833334043622
20230911.0,,,,,,,,10.0,0.2253517508506775,1.2161247730255127,292.5384826660156,0.4093847870826721,278.113525390625,261.7383117675781,0.000435113790445,1.7215532064437866,200.0,0.0719566196203231,0.0407916664456328
20230913.0,,,,,,,,10.0,0.2253517508506775,1.2161247730255127,294.68524169921875,0.4055210947990417,278.46026611328125,261.767822265625,0.0600430779159069,0.9806637763977052,200.0,0.0467853173613548,0.0294166669094314
20230914.0,,,,,,,,10.0,0.2253517508506775,1.2161247730255127,293.70440673828125,0.4027592241764068,277.835693359375,262.5830078125,0.0017225741175934,0.8739795088768005,200.0,0.0547392144799232,0.0241250001514951
20230916.0,,,,,,,,10.0,0.2253517508506775,1.2161247730255127,294.3520202636719,0.3916500806808471,278.66363525390625,260.21173095703125,0.0,0.6945598721504211,200.0,0.0294779650866985,0.0163478259726063
20230918.0,0.0327603407204151,0.1653263866901397,,,,,0.0272530298680067,,,,,,,,,,,,
20230919.0,0.0447122193872928,,0.0772287249565124,0.1123107373714447,0.1000697314739227,0.0422312766313552,0.0529496148228645,10.0,0.2253517508506775,1.2161247730255127,293.18621826171875,0.3748384714126587,271.7486572265625,254.0182647705078,0.0058968900702893,1.1910654306411743,200.0,0.1016785874962806,0.0072173913940787
20230920.0,0.0370920971035957,0.1651434898376464,,,,,,,,,,,,,,,,,
20230924.0,0.0446800217032432,0.1716910153627395,0.0579180195927619,0.0684994086623191,0.0657166913151741,0.0326340124011039,0.0382702127099037,10.0,0.2253517508506775,1.2161247730255127,287.1368408203125,0.3470270037651062,272.88751220703125,257.87896728515625,0.0107629438862204,0.8362609148025513,200.0,0.0939325168728828,0.0007619047703753
20230925.0,0.0398965291678905,,,,,,,,,,,,,,,,,,
20230926.0,0.0357716269791126,0.1600192636251449,,,,0.0339083224534988,0.0401623584330081,,,,,,,,,,,,
20230927.0,0.03446776419878,0.1692105829715728,0.0541476234793663,0.0600589998066425,0.0533221028745174,,,10.0,0.2253517508506775,1.2161247730255127,287.9961853027344,0.3305627703666687,275.2386474609375,257.44549560546875,0.0,0.5433431267738342,200.0,0.0400348789989948,0.0003043478354811
20230928.0,0.0333112627267837,0.1628792136907577,,,,,,,,,,,,,,,,,
20230929.0,0.0323552526533603,0.1537299156188964,0.0529403649270534,0.0716330036520958,0.0690800845623016,0.0347720682621002,0.0446790978312492,10.0,0.2253517508506775,1.2161247730255127,288.2554626464844,0.3194188475608825,272.031494140625,257.4435729980469,0.1150770485401153,0.4886823892593384,200.0,0.0847804397344589,0.0002083333432286
20230930.0,0.0512298457324504,0.2041306942701339,0.1631418168544769,0.1631445437669754,0.1419218629598617,,,10.0,0.2253517508506775,1.2161247730255127,285.98486328125,0.3147240877151489,256.55975341796875,230.7373046875,7.700503349304199,0.8412504196166992,200.0,0.0712101683020591,4.16666686457271e-05
20231004.0,0.1943760812282562,0.2419609576463699,,,,0.1439260840415954,0.1810052841901779,,,,,,,,,,,,
20231005.0,0.168082520365715,0.2302813678979873,0.1392288953065872,0.1437353193759918,0.1261345297098159,,,10.0,0.2253517508506775,1.2161247730255127,284.71942138671875,0.3058962821960449,258.348876953125,234.2579040527344,0.0017106533050537,1.9975354671478271,200.0,0.1584255397319793,0.11233333311975
20231006.0,0.1423099935054779,0.2211644947528839,,,,,0.0900601223111152,,,,,,,,,,,,
20231007.0,0.1185337230563163,0.2021051347255706,0.1001801565289497,0.1048048064112663,0.0941582918167114,0.0598141402006149,0.0674764215946197,10.0,0.2253517508506775,1.2161247730255127,286.5948486328125,0.302540123462677,267.43865966796875,246.6344757080078,0.0,1.757110834121704,200.0,0.1164242029190063,0.0870416664207975
20231008.0,0.0973774194717407,0.2009749263525009,0.0963215231895446,0.098217561841011,0.086387813091278,,,10.0,0.2253517508506775,1.2161247730255127,287.4105529785156,0.3008649945259094,269.7616577148437,247.46435546875,0.0008584349998272,1.6232414245605469,200.0,0.0862575247883796,0.0777916675433517
20231009.0,0.0785491243004798,0.1793326735496521,,,,0.0517896898090839,0.0579546503722667,,,,,,,,,,,,
20231010.0,0.0759384110569953,,0.0842158868908882,0.0902531892061233,0.0829594954848289,,,10.0,0.2253517508506775,1.2161247730255127,282.91558837890625,0.2975208163261413,269.5657043457031,253.22430419921875,2.975061655044556,1.005143642425537,200.0,0.1041746363043785,0.0617083332811793
20231013.0,0.0983698070049285,0.2051678895950317,0.1039936318993568,0.1102858632802963,0.0984970331192016,,,10.0,0.2253517508506775,1.2161247730255127,279.8466491699219,0.2925270497798919,262.0639038085937,242.401123046875,0.001729121315293,1.2149890661239624,200.0,0.1497856676578521,0.116449999436736
20231014.0,0.0866321101784706,0.2017714530229568,,,,0.0719785839319229,0.0787987932562828,,,,,,,,,,,,
20231015.0,0.0748126655817031,0.1954047828912735,0.0906818434596061,0.0920422747731208,0.0824935138225555,,,10.0,0.2253517508506775,1.2161247730255127,284.7099914550781,0.2893090546131134,267.8868408203125,248.4639892578125,0.0012874602107331,1.10035240650177,200.0,0.1070112958550453,0.0990000007053216
20231016.0,0.0638574287295341,0.1801236122846603,0.0785035043954849,0.0828921049833297,0.0733195170760154,,,10.0,0.2253517508506775,1.2161247730255127,285.0535583496094,0.2873840928077698,269.9828796386719,250.1884765625,0.0008606480550952,0.9498077630996704,200.0,0.0781531184911727,0.0911250005786618
20231017.0,0.054862942546606,0.1825268566608429,,,,0.0451444312930107,0.0589312426745891,,,,,,,,,,,,
20231018.0,0.0480619743466377,0.1802728325128555,0.0688263475894928,0.0848019793629646,0.078688845038414,,,10.0,0.2253517508506775,1.2161247730255127,286.75408935546875,0.2813965082168579,269.85546875,254.2521209716797,0.0025629987940192,0.7228223085403442,200.0,0.1129283905029296,0.0754583335171143
20231019.0,0.0430902615189552,0.1819674372673034,,,,0.0290840584784746,0.0355845838785171,,,,,,,,,,,,
20231020.0,0.0393150448799133,0.1758539527654647,,,,,0.031495101749897,,,,,,,,,,,,
20231021.0,0.0365473963320255,0.1871485263109207,0.0579768829047679,0.0775510296225547,0.0727199465036392,,,10.0,0.2253517508506775,1.2161247730255127,287.6053771972656,0.2723513543605804,271.86376953125,256.2093811035156,0.0012860662536695,0.4956853687763214,200.0,0.0744235515594482,0.0605833331743876
20231022.0,0.0352006703615188,,,,,0.0424830988049507,0.0495620593428611,,,,,,,,,,,,
20231023.0,0.0387817844748497,0.1845986992120742,0.098221369087696,0.110169917345047,0.0983901023864746,,,10.0,0.2253517508506775,1.2161247730255127,285.20758056640625,0.2663248479366302,266.3678894042969,245.9789123535156,0.1703587025403976,0.4875430762767792,200.0,0.0800452455878257,0.0540000004693866
20231024.0,0.0382616445422172,0.2008788436651229,0.0869247615337371,0.1001484990119934,0.0904092192649841,,0.0450148023664951,10.0,0.2253517508506775,1.2161247730255127,282.74884033203125,0.2633216977119446,266.606689453125,246.44970703125,0.0008583068847656,0.4541388154029846,200.0,0.077169194817543,0.0497083331768711
20231025.0,0.0488869808614254,0.1851322203874588,,,,0.0362378358840942,0.0484633930027484,,,,,,,,,,,,
20231105.0,0.0692009255290031,0.1766150444746017,,,,,,,,,,,,,,,,,
20231106.0,0.0781060755252838,,0.102972112596035,0.1094674617052078,0.0979824811220169,0.0579073540866375,0.072023682296276,10.0,0.2253517508506775,1.2161247730255127,281.2903137207031,0.1754384189844131,262.7709350585937,241.92453002929688,2.5625863075256348,0.82867032289505,200.0,0.1012802720069885,0.0936666658769051
20231115.0,0.0835843831300735,,,,,,,,,,,,,,,,,,
20231117.0,0.1196985021233558,0.213201031088829,0.1148921549320221,0.12596295773983,0.1111364811658859,,0.0962553769350051,10.0,0.2253517508506775,1.2161247730255127,275.9126892089844,0.0480174086987972,255.92108154296875,234.3202667236328,0.0020795401651412,0.5537047982215881,200.0,0.1554187536239624,0.0617272728546099
20231121.0,,0.2006641179323196,,,,,,,,,,,,,,,,,
20240318.0,,,,,,,,10.0,0.2253517508506775,1.2161247730255127,278.4608764648437,0.0,258.018798828125,241.95846557617188,0.0012822712305933,2.0532751083374023,200.0,0.2379941046237945,0.0265000006183982
20240403.0,,,,,,,,10.0,0.2253517508506775,1.2161247730255127,282.5185241699219,0.0,258.94293212890625,239.22186279296875,1.373827576637268,2.535731315612793,200.0,0.2041356116533279,0.0583499988541007
20240416.0,,,,,,,,10.0,0.2253517508506775,1.2161247730255127,281.0079040527344,0.1204357594251632,253.2767333984375,232.61325073242188,3.377599568921141e-05,2.715619802474976,200.0,0.2332698851823806,0.185000001029535
20240419.0,,,,,,,,10.0,0.2253517508506775,1.2161247730255127,283.41827392578125,0.1678546667098999,262.456787109375,243.75735473632807,0.3737502992153168,2.752840518951416,200.0,0.213052362203598,0.216409091245044
20240422.0,,,,,,,,10.0,0.2253517508506775,1.2161247730255127,286.0174255371094,0.2158812880516052,266.24591064453125,250.11013793945312,0.0008523463620804,2.897615432739258,200.0,0.2251458168029785,0.246208334341645
20240424.0,,,,,,,,10.0,0.2253517508506775,1.2161247730255127,287.7104187011719,0.226246029138565,268.3309326171875,252.42117309570312,3.334092140197754,2.418203115463257,200.0,0.1599048525094986,0.246249998609225
20240425.0,,,,,,,,10.0,0.2253517508506775,1.2161247730255127,284.9862060546875,0.231460690498352,263.0390319824219,244.04571533203125,2.205599784851074,2.2148196697235107,200.0,0.1665719747543335,0.239166665822268
20240511.0,,,,,,,,10.0,0.2253517508506775,1.2161247730255127,288.04888916015625,0.3360983729362488,268.42926025390625,253.43104553222656,0.0,3.078669548034668,200.0,0.2311854064464569,0.249750001356006
20240513.0,,,,,,,,10.0,0.2253517508506775,1.2161247730255127,292.1090393066406,0.3643930852413177,273.01617431640625,258.3644714355469,0.1111031174659729,2.180246591567993,200.0,0.1556445062160492,0.235333333412806
20240516.0,,,,,,,,10.0,0.2253517508506775,1.2161247730255127,294.3022766113281,0.407755970954895,273.140380859375,261.83453369140625,0.0029986924491822,1.336398005485535,200.0,0.1493305712938308,0.170041666055719
20240518.0,,,,,,,,10.0,0.2253517508506775,1.2161247730255127,293.1825256347656,0.437326580286026,274.7908020019531,261.0259704589844,0.0008523463038727,1.1444510221481323,200.0,0.1200589388608932,0.149749998624126
20240519.0,,,,,,,,10.0,0.2253517508506775,1.2161247730255127,291.3471069335937,0.4523104727268219,274.37237548828125,262.3494873046875,0.0,1.062673568725586,200.0,0.1385156810283661,0.142523808138711
20240521.0,,,,,,,,10.0,0.2253517508506775,1.2161247730255127,288.9226989746094,0.4827442765235901,273.50885009765625,260.73455810546875,0.000854980549775,1.0818551778793335,200.0,0.1316178292036056,0.13079166598618
20240524.0,,,,,,,,10.0,0.2253517508506775,1.2161247730255127,290.5479431152344,0.5278045535087585,274.8292236328125,260.952880859375,0.0252525079995393,0.8189603686332703,200.0,0.0977982431650161,0.117791666338841
20240527.0,,,,,,,,10.0,0.2253517508506775,1.2161247730255127,295.3090209960937,0.5375064611434937,276.0919189453125,262.01544189453125,0.0025820364244282,0.998518407344818,200.0,0.1029474958777427,0.107041666284204
20240529.0,,,,,,,,10.0,0.2253517508506775,1.2161247730255127,293.2254333496094,0.5429354310035706,276.05401611328125,263.0997314453125,0.1040776595473289,0.8715808987617493,200.0,0.103308118879795,0.0967826078767362
20240601.0,,,,,,,,10.0,0.2253517508506775,1.2161247730255127,297.2172241210937,0.5512152910232544,279.7322998046875,266.5709228515625,0.1001874729990959,0.8226933479309082,200.0,0.0606758370995521,0.0820416668429971
20240603.0,,,,,,,,10.0,0.2253517508506775,1.2161247730255127,292.7221374511719,0.5567553639411926,276.6832580566406,265.1225891113281,0.270504742860794,0.6077200770378113,200.0,0.0706319659948349,0.073874999769032
20240604.0,,,,,,,,10.0,0.2253517508506775,1.2161247730255127,294.61065673828125,0.5595313310623169,278.6291198730469,262.0685729980469,0.0,1.1047515869140625,200.0,0.0582439973950386,0.0727916670342286
20240606.0,,,,,,,,10.0,0.2253517508506775,1.2161247730255127,303.32684326171875,0.5651310682296753,282.2850952148437,267.31597900390625,0.0129928197711706,0.9083664417266846,200.0,0.0293499045073986,0.0657916671286027
20240609.0,,,,,,,,10.0,0.2253517508506775,1.2161247730255127,302.97247314453125,0.5727535486221313,282.25616455078125,266.3544921875,0.0128640104085206,0.8940916061401367,200.0,0.0272637493908405,0.0472083333879709
20240611.0,,,,,,,,10.0,0.2253517508506775,1.2161247730255127,302.41876220703125,0.565667450428009,280.6753845214844,268.0145874023437,0.0017166137695312,0.912516713142395,200.0,0.0616073980927467,0.0347083333569268
20240612.0,,,,,,,,10.0,0.2253517508506775,1.2161247730255127,302.07208251953125,0.5621339082717896,282.2958374023437,266.93231201171875,0.0008490024483762,0.8559073209762573,200.0,0.0274797286838293,0.0290416670031846
20240614.0,,,,,,,,10.0,0.2253517508506775,1.2161247730255127,301.48101806640625,0.5545532703399658,281.79693603515625,268.53289794921875,0.0461048670113086,0.8114056587219238,200.0,0.0370349623262882,0.0189130435819211
20240619.0,,,,,,,,10.0,0.2253517508506775,1.2161247730255127,293.79766845703125,0.5358201265335083,279.1407165527344,267.3416442871094,0.0,0.9457843899726868,200.0,0.0756142660975456,0.0027826087215267
20240620.0,,,,,,,,10.0,0.2253517508506775,1.2161247730255127,297.6333923339844,0.532095730304718,280.5947570800781,266.50341796875,0.0008523463038727,0.7772399187088013,200.0,0.0426061190664768,0.0016956521734676
20240622.0,,,,,,,,10.0,0.2253517508506775,1.2161247730255127,302.6464538574219,0.524678111076355,283.5360717773437,269.213623046875,0.0017202605959028,0.7309741377830505,200.0,0.0184121895581483,0.0002083333286767
20240625.0,,,,,,,,10.0,0.2253517508506775,1.2161247730255127,301.3834533691406,0.5134071707725525,282.82305908203125,269.9984130859375,0.1104381456971168,0.7618711590766907,200.0,0.0247790869325399,0.0
20240627.0,,,,,,,,10.0,0.2253517508506775,1.2161247730255127,299.26385498046875,0.5029310584068298,282.42144775390625,266.6793212890625,0.0,1.133082389831543,200.0,0.0334703102707862,0.0
20240628.0,,,,,,,,10.0,0.2253517508506775,1.2161247730255127,298.9499816894531,0.4977156221866607,281.63824462890625,268.7930603027344,0.0034302473068237,0.9058497548103333,200.0,0.0441923476755619,0.0
20240630.0,,,,,,,,10.0,0.2253517508506775,1.2161247730255127,300.7927551269531,0.4871986210346222,284.7503662109375,269.4385070800781,0.0384969748556613,0.682255744934082,200.0,0.0115615800023078,0.0
20240703.0,,,,,,,,10.0,0.2253517508506775,1.2161247730255127,300.6363220214844,0.4715519547462463,283.3666076660156,269.759033203125,0.0,0.8467133641242981,200.0,0.0228536091744899,0.0
20240705.0,,,,,,,,10.0,0.2253517508506775,1.2161247730255127,304.6558837890625,0.4611979126930237,285.7454528808594,270.4339904785156,0.0017103344434872,0.7838380932807922,200.0,0.0092784808948636,0.0
20240706.0,,,,,,,,10.0,0.2253517508506775,1.2161247730255127,304.4246826171875,0.4560440182685852,284.75811767578125,271.58990478515625,0.0017106531886383,0.7048536539077759,200.0,0.012345016002655,0.0
20240708.0,,,,,,,,10.0,0.2253517508506775,1.2161247730255127,305.3279724121094,0.445772647857666,287.89190673828125,273.4844970703125,0.0008583068847656,0.7428857088088989,200.0,0.0082199880853295,0.0
20240711.0,,,,,,,,10.0,0.2253517508506775,1.2161247730255127,307.0511474609375,0.4306989312171936,287.5521850585937,272.3074951171875,0.0008523463038727,0.8920592665672302,200.0,0.0069548832252621,0.0
20240713.0,,,,,,,,10.0,0.2253517508506775,1.2161247730255127,306.6446228027344,0.4239928126335144,288.5379638671875,273.27947998046875,0.0001857679890235,0.7954884767532349,200.0,0.00594964902848,0.0
20240714.0,,,,,,,,10.0,0.2253517508506775,1.2161247730255127,304.0263671875,0.420649915933609,289.828125,273.20220947265625,0.1680208593606948,0.6402499079704285,200.0,0.0075427219271659,0.0
20240716.0,,,,,,,,10.0,0.2253517508506775,1.2161247730255127,304.1762390136719,0.4141279757022857,282.4594116210937,266.980712890625,0.0183191578835248,0.8212732672691345,200.0,0.0208494327962398,0.0
20240719.0,,,,,,,,10.0,0.2253517508506775,1.2161247730255127,305.0243530273437,0.4043793082237243,286.2827453613281,271.09588623046875,0.0021398065146058,0.7109213471412659,200.0,0.00729485694319,0.0
20240721.0,,,,,,,,10.0,0.2253517508506775,1.2161247730255127,307.4613342285156,0.3979127407073974,287.1058959960937,273.2317810058594,0.0109652690589427,0.6251131296157837,200.0,0.0071585127152502,0.0
20240722.0,,,,,,,,10.0,0.2253517508506775,1.2161247730255127,306.95916748046875,0.3946891725063324,285.066650390625,267.8418273925781,0.2366785109043121,0.9141018986701964,200.0,0.0098168738186359,0.0
20240724.0,,,,,,,,10.0,0.2253517508506775,1.2161247730255127,305.3459167480469,0.388257771730423,279.4374389648437,259.05877685546875,1.0227985382080078,1.247641921043396,200.0,0.0245787315070629,0.0
20240727.0,,,,,,,,10.0,0.2253517508506775,1.2161247730255127,302.4269714355469,0.3787450194358825,278.8926696777344,262.7712707519531,0.0519209504127502,0.6764264702796936,200.0,0.045301754027605,0.0045652174360483
20240729.0,,,,,,,,10.0,0.2253517508506775,1.2161247730255127,300.8106384277344,0.3737238645553589,281.1976318359375,263.6428527832031,0.0021427867468446,0.6539032459259033,200.0,0.0222276858985424,0.0043478261365595
20240730.0,,,,,,,,10.0,0.2253517508506775,1.2161247730255127,301.7896728515625,0.371219277381897,283.4715881347656,266.3646240234375,0.0900503769516944,0.6714681386947632,200.0,0.011541411280632,0.0062499999883584
20240801.0,,,,,,,,10.0,0.2253517508506775,1.2161247730255127,304.7076416015625,0.3662789463996887,285.390625,268.5468139648437,0.002131228102371,0.6517239809036255,200.0,0.0071537671610713,0.00700000006639
20240804.0,,,,,,,,10.0,0.2253517508506775,1.2161247730255127,300.3280334472656,0.3588925004005432,277.6132202148437,256.9538269042969,0.5682044625282288,2.634409189224243,200.0,0.0480587929487228,0.0038421053231056
20240806.0,,,,,,,,10.0,0.2253517508506775,1.2161247730255127,302.9075012207031,0.3539879620075226,284.4580383300781,269.390625,0.0,0.7409710884094238,200.0,0.0089824171736836,0.0018750000162981
20240807.0,,,,,,,,10.0,0.2253517508506775,1.2161247730255127,303.2097473144531,0.351541668176651,285.4903259277344,268.8992919921875,0.0,0.6783334016799927,200.0,0.0061938343569636,0.0003478260882927
20240809.0,,,,,,,,10.0,0.2253517508506775,1.2161247730255127,303.8265380859375,0.3466560244560241,284.66436767578125,267.5744934082031,0.0005516746314242,0.580319881439209,200.0,0.0069684772752225,4.34782629346718e-05
20240812.0,,,,,,,,10.0,0.2253517508506775,1.2161247730255127,301.4212646484375,0.3394670188426971,284.3532409667969,268.2251281738281,0.0008583068847656,0.6162220239639282,200.0,0.0069337324239313,0.0
20240814.0,,,,,,,,10.0,0.2253517508506775,1.2161247730255127,299.33770751953125,0.3363476395606994,282.79364013671875,268.1893615722656,0.0,0.751941978931427,200.0,0.0180688500404357,0.0
20240815.0,,,,,,,,10.0,0.2253517508506775,1.2161247730255127,299.63555908203125,0.3347904086112976,284.77655029296875,267.17901611328125,0.3255854547023773,0.6659200191497803,200.0,0.0067485468462109,0.0
20240817.0,,,,,,,,10.0,0.2253517508506775,1.2161247730255127,298.5191955566406,0.3317537605762481,283.4814758300781,266.5545349121094,9.006932668853551e-05,0.5660815238952637,200.0,0.0080834329128265,0.0
20240820.0,,,,,,,,10.0,0.2253517508506775,1.2161247730255127,297.86920166015625,0.3272032141685486,283.1839599609375,266.5450439453125,0.0008553265361115,0.5244945883750916,200.0,0.0084809875115752,0.0
20240822.0,,,,,,,,10.0,0.2253517508506775,1.2161247730255127,297.5295715332031,0.3241773247718811,282.02752685546875,263.65643310546875,0.0012841313146054,0.5346758961677551,200.0,0.0106306103989481,0.0
20240823.0,,,,,,,,10.0,0.2253517508506775,1.2161247730255127,293.1575622558594,0.3226667642593384,284.2823181152344,266.2982177734375,0.2253900617361068,0.5727062225341797,200.0,0.0130164250731468,0.0
20240825.0,,,,,,,,10.0,0.2253517508506775,1.2161247730255127,287.0707397460937,0.319657951593399,260.32379150390625,236.21075439453125,3.704917907714844,2.35681676864624,200.0,0.1078707203269004,0.0179090909659863
20240828.0,,,,,,,,10.0,0.2253517508506775,1.2161247730255127,294.9471130371094,0.3149857521057129,279.591064453125,263.278564453125,0.0008583068847656,1.3938932418823242,200.0,0.042912520468235,0.0213333331824591
20240830.0,,,,,,,,10.0,0.2253517508506775,1.2161247730255127,297.7389831542969,0.3093106150627136,279.7611389160156,266.330078125,0.0,0.5615090727806091,200.0,0.0330446735024452,0.0169166666843618
20240831.0,,,,,,,,10.0,0.2253517508506775,1.2161247730255127,299.3592529296875,0.3064814805984497,282.4774169921875,266.17681884765625,0.0021487474441528,0.5012005567550659,200.0,0.0090377200394868,0.015958333426776
20240902.0,,,,,,,,10.0,0.2253517508506775,1.2161247730255127,298.649658203125,0.3007274866104126,282.835693359375,266.1127319335937,0.1367767751216888,0.4841387867927551,200.0,0.0071181403473019,0.0145416668771456
20240905.0,,,,,,,,10.0,0.2253517508506775,1.2161247730255127,298.0302734375,0.292151540517807,281.6460876464844,265.9598388671875,0.0,0.461549162864685,200.0,0.0114445956423878,0.0091250000793176
20240907.0,,,,,,,,10.0,0.2253517508506775,1.2161247730255127,300.0280456542969,0.2864634692668915,281.8650817871094,269.5294189453125,0.0048041380941867,0.4402819573879242,200.0,0.0123596517369151,0.007809523781318
20240908.0,,,,,,,,10.0,0.2253517508506775,1.2161247730255127,297.6409912109375,0.2836281955242157,281.6936950683594,266.25164794921875,0.1190643906593322,0.5243598818778992,200.0,0.0130164455622434,0.0048695652462218
20240910.0,,,,,,,,10.0,0.2253517508506775,1.2161247730255127,297.2589111328125,0.2779802680015564,283.84619140625,265.6591796875,0.0,0.4675676226615906,200.0,0.0049323476850986,0.0007272727512331
20240913.0,,,,,,,,10.0,0.2253517508506775,1.2161247730255127,289.36572265625,0.2694390416145324,277.43341064453125,259.209716796875,0.0017285346984863,1.2096550464630127,200.0,0.0428000316023826,0.0
20240915.0,,,,,,,,10.0,0.2253517508506775,1.2161247730255127,294.2382202148437,0.2620777785778045,278.4423828125,264.605224609375,0.0090548107400536,0.4926436245441437,200.0,0.0280432440340518,0.0
20240916.0,,,,,,,,10.0,0.2253517508506775,1.2161247730255127,287.2492370605469,0.2584123313426971,268.2145080566406,248.17608642578125,4.998326778411865,0.8102456331253052,200.0,0.0623851045966148,0.0
20240921.0,,,,,,,,10.0,0.2253517508506775,1.2161247730255127,286.67633056640625,0.2400601506233215,267.656005859375,245.25540161132807,0.0012904405593872,2.7165353298187256,200.0,0.1333660632371902,0.0812083336835106
20240924.0,,,,,,,,10.0,0.2253517508506775,1.2161247730255127,290.3832092285156,0.2291757017374038,274.0521850585937,257.4395446777344,0.0008516840753145,1.9079431295394893,200.0,0.1126842945814132,0.0632916668740412
20240926.0,,,,,,,,10.0,0.2253517508506775,1.2161247730255127,291.266845703125,0.221942663192749,276.4447631835937,261.1468200683594,0.0006417439435608,1.1674247980117798,200.0,0.0688852369785308,0.0543750001428028
20240929.0,,,,,,,,10.0,0.2253517508506775,1.2161247730255127,292.4790344238281,0.2118038535118103,280.5894775390625,262.27252197265625,0.000435113790445,0.5253247618675232,200.0,0.0124033670872449,0.0437083337455988
20241001.0,,,,,,,,10.0,0.2253517508506775,1.2161247730255127,289.9187316894531,0.2146319448947906,276.339599609375,262.07354736328125,0.0,0.4834600389003753,200.0,0.0318054445087909,0.0369583335705101
20241002.0,,,,,,,,10.0,0.2253517508506775,1.2161247730255127,292.4451904296875,0.2160484194755554,275.84185791015625,260.45733642578125,0.0008523463038727,0.437246710062027,200.0,0.0350123159587383,0.0345000000670552
20241004.0,,,,,,,,10.0,0.2253517508506775,1.2161247730255127,291.586181640625,0.2193107008934021,277.53179931640625,261.4768371582031,0.000435113790445,0.4363652765750885,200.0,0.0199553109705448,0.0309583332855254
20241007.0,,,,,,,,10.0,0.2253517508506775,1.2161247730255127,292.13934326171875,0.2241775393486023,276.75213623046875,261.79852294921875,0.0369780659675598,0.4319695234298706,200.0,0.0273910202085971,0.0248333335233231
20241009.0,,,,,,,,10.0,0.2253517508506775,1.2161247730255127,290.8296813964844,0.2274326384067535,274.7426147460937,260.99786376953125,0.0,0.4120855927467346,200.0,0.0441425405442714,0.0207916665046165
20241010.0,,,,,,,,10.0,0.2253517508506775,1.2161247730255127,291.13427734375,0.229063332080841,275.9266967773437,260.59100341796875,0.0008647983777336,0.3892132937908172,200.0,0.0276422910392284,0.0194583330303431
20241012.0,,,,,,,,10.0,0.2253517508506775,1.2161247730255127,288.7276916503906,0.2323783785104751,275.82769775390625,258.21728515625,2.23644757270813,0.3771804273128509,200.0,0.0266436636447906,0.0155833334041138
20241015.0,,,,,,,,10.0,0.2253517508506775,1.2161247730255127,287.31671142578125,0.2362992763519287,274.88037109375,255.2714233398437,0.0,0.6990364789962769,200.0,0.0395650342106819,0.0101739130914211
20241020.0,,,,,,,,10.0,0.2253517508506775,1.2161247730255127,281.6283874511719,0.2023037821054458,256.6849365234375,230.8482818603516,0.0017166137695312,1.4659111499786377,200.0,0.1322973072528839,0.0861250006904205
20241023.0,,,,,,,,10.0,0.2253517508506775,1.2161247730255127,281.09381103515625,0.1818075776100158,262.78936767578125,243.73367309570312,0.2541409730911255,1.2785699367523191,200.0,0.1488531231880188,0.069000001065433
20241025.0,,,,,,,,10.0,0.2253517508506775,1.2161247730255127,277.0117492675781,0.1683395504951477,261.4917907714844,242.2244110107422,0.0028202286921441,0.758975088596344,200.0,0.1346940994262695,0.0666666661078731
20241026.0,,,,,,,,10.0,0.2253517508506775,1.2161247730255127,278.7966613769531,0.1616643369197845,261.9579772949219,242.14279174804688,0.0,1.0857871770858765,200.0,0.137309268116951,0.102500000658135
20241108.0,,,,,,,,10.0,0.2253517508506775,1.2161247730255127,275.1761169433594,0.0464357361197471,261.60565185546875,243.61285400390625,0.0008523463038727,0.738020658493042,200.0,0.1440546214580536,0.0428750004308919
20241110.0,,,,,,,,10.0,0.2253517508506775,1.2161247730255127,277.03680419921875,0.0269094128161668,263.5832824707031,245.2301788330078,0.0008523463038727,0.8199302554130554,200.0,0.1209244728088378,0.0349166667244087
20241111.0,,,,,,,,10.0,0.2253517508506775,1.2161247730255127,274.8099975585937,0.0173088256269693,263.2338256835937,245.00540161132807,1.9489498138427728,0.4844503104686737,200.0,0.1132444143295288,0.0387142857625371
20250228.0,,,,,,,,10.0,0.2253517508506775,1.2161247730255127,275.07452392578125,0.0,257.1921081542969,238.5853881835937,0.0017136326059699,1.2318754196166992,200.0,0.2003025263547897,0.0262916672509164
20250326.0,,,,,,,,10.0,0.2253517508506775,1.2161247730255127,283.2245788574219,0.0,258.9002685546875,239.94921875,0.0022815340198576,2.868852376937866,200.0,0.2236294001340866,0.0593684211765465
20250327.0,,,,,,,,10.0,0.2253517508506775,1.2161247730255127,281.8575439453125,0.0,260.2671813964844,241.1808319091797,0.8311530351638794,2.6282100677490234,200.0,0.2104432582855224,0.0752631578790514
20250420.0,,,,,,,,10.0,0.2253517508506775,1.2161247730255127,284.5018005371094,0.2401385009288787,266.8879089355469,253.56451416015625,0.3562020063400268,2.133669137954712,200.0,0.2379916906356811,0.215500000525605
20250617.0,,,,,,,,10.0,0.2253517508506775,1.2161247730255127,298.5155029296875,0.5901261568069458,282.46319580078125,266.081298828125,0.0336004495620727,1.1659332513809204,200.0,0.0344302915036678,0.0006842105404326
20250623.0,,,,,,,,10.0,0.2253517508506775,1.2161247730255127,291.67633056640625,0.551268994808197,276.28143310546875,259.6656494140625,0.0004368276859167,1.4080523252487185,200.0,0.0895392298698425,0.0
